motif	observed	background	percent.observed	percent.background	fold.enrichment	pvalue	p.adjust	motif_name
Tcfap2a_1	7289	10200	3.51666907897911	4.92111738312346	0.714607843137255	1	1	Tcfap2a
Tcfap2b_2	5860	10875	2.82723018285328	5.24677956288899	0.538850574712644	1	1	Tcfap2b
Tcfap2c_3	8047	10583	3.88237564529358	5.10590051623486	0.760370405367098	1	1	Tcfap2c
Tcfap2e_4	5009	10219	2.41665460510445	4.93028417040575	0.490165378217047	1	1	Tcfap2e
Tcfap2d_5	9252	9540	4.46374294398611	4.60269214068606	0.969811320754717	0.984524525065849	1	Tcfap2d
Arid3b_6	6821	5465	3.29087663434168	2.63665749987938	1.24812442817932	9.92103469705829e-36	1.68657589849991e-34	Arid3b
Arid3a_7	10531	8207	5.0808124668307	3.95956964346022	1.28317290118192	5.03590443591304e-68	1.11293488033678e-66	Arid3a
Arid5b_8	892	2425	0.430356539779032	1.16997153471318	0.367835051546392	1	1	Arid5b
Arid5a_9	4517	5083	2.17928306074203	2.45235682925653	0.888648435963014	0.999999997639649	1	Arid5a
Arid3c_10	7938	10110	3.82978723404255	4.87769575915473	0.785163204747774	1	1	Arid3c
Arid2_11	4176	4521	2.01476335214937	2.18121291069619	0.923689449236894	0.999911632652354	1	Arid2
Setbp1_12	340	821	0.164037246104115	0.396101703092585	0.414129110840438	1	1	Setbp1
Ahctf1_13	16670	16546	8.04264968398707	7.98282433540792	1.00749425843104	0.240820114733468	1	Ahctf1
Hmga2_14	1962	3801	0.946591402518454	1.8338399189463	0.516179952644041	1	1	Hmga2
Phf21a_15	8313	6814	4.01071066724562	3.28749939692189	1.21998825946581	1.04479785048391e-35	1.7426439619392e-34	Phf21a
Zfp957_16	3022	3834	1.45800164037246	1.84976118106817	0.788210745957225	1	1	Zfp957
Tcfe3_17	2729	3384	1.3166401312298	1.63265306122449	0.80644208037825	1	1	Tcfe3
Mnt_18	1709	3089	0.824528392917451	1.49032662710474	0.553253480090644	1	1	Mnt
Npas1_19	1235	1600	0.595841173348772	0.771939981666425	0.771875	0.999999999997524	1	Npas1
Tcfap4_20	6315	12150	3.04675061513967	5.86191923577942	0.519753086419753	1	1	Tcfap4
Twist2_21	3568	5903	1.72142615911613	2.84797606986057	0.604438421141792	1	1	Twist2
Id3_22	5595	13889	2.69937762338978	6.70092150335311	0.402836777305782	1	1	Id3
Ascl2_23	10317	15358	4.97756549428282	7.4096588990206	0.671767157181925	1	1	Ascl2
Myod1_24	13998	22225	6.75350991460414	10.7227288078352	0.629831271091114	1	1	Myod1
Arnt_25	2552	3695	1.23124427075795	1.7826988951609	0.690663058186739	1	1	Arnt
Arnt2_26	3811	6952	1.83866454383172	3.35407922034062	0.548187571921749	1	1	Arnt2
Mlx_27	3014	3979	1.45414194046413	1.91971824190669	0.757476752953003	1	1	Mlx
Ahr_28	3335	4252	1.60901239928596	2.05143050127853	0.784336782690499	1	1	Ahr
Hey2_29	2270	3550	1.09518984898924	1.71274183432238	0.63943661971831	1	1	Hey2
Sim1_30	1235	1600	0.595841173348772	0.771939981666425	0.771875	0.999999999997524	1	Sim1
Tcf3_31	4645	11159	2.24103825927534	5.38379890963478	0.41625593691191	1	1	Tcf3
Srebf1_32	2017	3681	0.973126839388238	1.77594442032132	0.547948926922032	1	1	Srebf1
Id2_33	3521	4995	1.69875042215468	2.40990013026487	0.704904904904905	1	1	Id2
Npas3_34	1235	1600	0.595841173348772	0.771939981666425	0.771875	0.999999999997524	1	Npas3
Id4_35	5595	13889	2.69937762338978	6.70092150335311	0.402836777305782	1	1	Id4
Ahrr_36	3335	4252	1.60901239928596	2.05143050127853	0.784336782690499	1	1	Ahrr
Myc_37	5658	12421	2.7297727601679	5.99266657017417	0.455518879317285	1	1	Myc
Srebf2_38	1794	2030	0.86553770444348	0.979398851739277	0.883743842364532	0.999941302829729	1	Srebf2
Hes1_39	3173	1666	1.53085347614223	0.803782505910165	1.90456182472989	3.74112697296942e-107	1.57483630671665e-105	Hes1
Hes7_40	2531	1144	1.22111255849858	0.551937086891494	2.21241258741259	7.24199162720054e-120	4.57280042746091e-118	Hes7
Tcfeb_41	2650	3243	1.27852559463502	1.56462585034014	0.817144619179772	0.999999999999997	1	Tcfeb
Bhlhe22_42	2224	3921	1.07299657451633	1.89173541757128	0.567202244325427	1	1	Bhlhe22
Msc_43	2418	3613	1.16659429729339	1.7431369711005	0.669249930805425	1	1	Msc
Npas2_44	2614	4711	1.26115694504752	2.27288078351908	0.554871577159839	1	1	Npas2
Myog_45	14622	19729	7.05456650745405	9.51850243643557	0.741142480612296	1	1	Myog
Usf1_46	3187	3638	1.53760795098181	1.75519853331403	0.876030786146234	0.999999982932073	1	Usf1
Ptf1a_47	9361	17065	4.51633135523713	8.23322236696097	0.548549663053033	1	1	Ptf1a
Sohlh2_48	2478	2149	1.19554204660588	1.03681188787572	1.15309446254072	6.14110625693634e-07	5.21994031839589e-06	Sohlh2
Neurog2_49	1841	3156	0.888213441404931	1.52265161383702	0.583333333333333	1	1	Neurog2
Mycl1_50	3201	5375	1.54436242582139	2.59323587591065	0.59553488372093	1	1	Mycl1
Hes2_51	2227	3287	1.07444396198196	1.58585419983596	0.677517493154852	1	1	Hes2
Clock_52	1639	2547	0.790756018719545	1.22883195831524	0.643502159403219	1	1	Clock
Tcfec_53	2727	3572	1.31567520625271	1.72335600907029	0.763437849944009	1	1	Tcfec
Figla_54	4768	12295	2.30038114536595	5.93187629661794	0.387799918666124	1	1	Figla
Bhlhe40_55	2236	2825	1.07878612437883	1.36295653012978	0.791504424778761	1	1	Bhlhe40
Bhlhe41_56	1829	2498	0.882423891542433	1.20519129637671	0.732185748598879	1	1	Bhlhe41
Mesp2_57	5040	11736	2.43161094224924	5.66217976552323	0.429447852760736	1	1	Mesp2
Mesp1_58	5040	11736	2.43161094224924	5.66217976552323	0.429447852760736	1	1	Mesp1
Tcf12_59	5145	15360	2.4822695035461	7.41062382399768	0.3349609375	1	1	Tcf12
Heyl_60	2270	3550	1.09518984898924	1.71274183432238	0.63943661971831	1	1	Heyl
Scx_61	6567	11869	3.16833116225213	5.72634727649925	0.553290083410565	1	1	Scx
Mitf_62	2692	3611	1.29878901915376	1.74217204612341	0.745499861534201	1	1	Mitf
Myf6_63	6366	11705	3.07135620205529	5.64722342837844	0.543870140965399	1	1	Myf6
Atoh7_64	2305	3909	1.11207603608819	1.88594586770879	0.589664875927347	1	1	Atoh7
Mycn_65	3201	5375	1.54436242582139	2.59323587591065	0.59553488372093	1	1	Mycn
Hand1_66	6280	11235	3.02986442804072	5.42046605876393	0.55896751223854	1	1	Hand1
Atoh8_67	7113	18673	3.4317556809958	9.00902204853573	0.380924329245435	1	1	Atoh8
Hand2_68	6280	11235	3.02986442804072	5.42046605876393	0.55896751223854	1	1	Hand2
Neurod2_69	1314	2411	0.633955709943552	1.16321705987359	0.545002073828287	1	1	Neurod2
Mlxip_70	2436	4027	1.17527862208713	1.94287644135668	0.604916811522225	1	1	Mlxip
Tcfl5_71	2831	1455	1.36585130506103	0.701982920827906	1.94570446735395	5.92661950976212e-101	1.94041912838137e-99	Tcfl5
Olig2_72	1774	2871	0.855888454672649	1.38514980460269	0.617903169627308	1	1	Olig2
Hey1_73	2270	3550	1.09518984898924	1.71274183432238	0.63943661971831	1	1	Hey1
Id1_74	3521	4995	1.69875042215468	2.40990013026487	0.704904904904905	1	1	Id1
Neurog3_75	1841	3156	0.888213441404931	1.52265161383702	0.583333333333333	1	1	Neurog3
Mycs_76	3201	5375	1.54436242582139	2.59323587591065	0.59553488372093	1	1	Mycs
Bhlhe23_77	1509	2626	0.728035895209147	1.26694649491002	0.574638233054075	1	1	Bhlhe23
Olig3_78	1780	3109	0.858783229603898	1.49997587687557	0.572531360566098	1	1	Olig3
Tcf21_79	6057	8370	2.92227529309596	4.03821102909249	0.723655913978495	1	1	Tcf21
Npas4_80	941	1212	0.453997201717566	0.584744536112317	0.776402640264026	0.999999998008431	1	Npas4
Olig1_81	1658	2582	0.799922806001833	1.24571814541419	0.642137877614252	1	1	Olig1
Ferd3l_82	8991	13824	4.33782023447677	6.66956144159792	0.650390625	1	1	Ferd3l
Hes5_83	1240	1933	0.59825348579148	0.93259999035075	0.641489912053802	1	1	Hes5
Nhlh2_84	11184	15777	5.39586047184831	7.6118106817195	0.708880015212017	1	1	Nhlh2
Neurog1_85	1913	3257	0.92295074057992	1.57138032517972	0.587350322382561	1	1	Neurog1
Nhlh1_86	8883	12766	4.28571428571429	6.15911612872099	0.695832680557731	1	1	Nhlh1
Bhlha15_87	3200	6759	1.54387996333285	3.26096396005211	0.473442816984761	1	1	Bhlha15
Tcf4_88	6584	12141	3.17653302455734	5.85757707338254	0.54229470389589	1	1	Tcf4
Arntl_89	2892	3683	1.39528151686206	1.7769093452984	0.785229432527831	1	1	Arntl
Ebf1_90	7523	11448	3.62956530129782	5.52323056882327	0.65714535290007	1	1	Ebf1
Max_91	2273	4122	1.09663723645487	1.98871037776813	0.551431344007763	1	1	Max
Sim2_92	1235	1600	0.595841173348772	0.771939981666425	0.771875	0.999999999997524	1	Sim2
Tcf15_93	6567	11869	3.16833116225213	5.72634727649925	0.553290083410565	1	1	Tcf15
Atoh1_94	2223	3137	1.07251411202779	1.51348482655474	0.708638826904686	1	1	Atoh1
Usf2_95	3081	3916	1.48646692719641	1.88932310512858	0.786772216547497	1	1	Usf2
Mga_96	6000	9622	2.8947749312491	4.64225406474647	0.623570983163584	1	1	Mga
Cebpd_97	1120	1325	0.540357987166498	0.639262797317509	0.845283018867925	0.999985472207758	1	Cebpd
Fosb_98	6118	13124	2.95170550489699	6.33183769961885	0.466168850960073	1	1	Fosb
Hlf_99	839	1300	0.404786027886332	0.627201235103971	0.645384615384615	1	1	Hlf
Atf6b_100	2465	2831	1.18927003425484	1.36585130506103	0.870717061109149	0.99999980877591	1	Atf6b
Nfe2l2_101	7127	14988	3.43851015583538	7.23114777826024	0.475513744328796	1	1	Nfe2l2
Mafk_102	6071	7221	2.92902976793554	3.48386162975829	0.840742279462678	1	1	Mafk
Xbp1_103	1602	1757	0.772904906643509	0.847686592367443	0.911781445645988	0.996564621086898	1	Xbp1
Fos_104	6735	15355	3.24938486032711	7.40821151155498	0.4386193422338	1	1	Fos
Tef_105	1086	1923	0.523954262556086	0.927775365465335	0.564742589703588	1	1	Tef
Atf1_106	1490	1309	0.718869107926859	0.631543397500844	1.13827349121467	0.000319024249465725	0.00243118479765259	Atf1
Fosl1_107	2929	6422	1.4131326289381	3.09837410141362	0.456088445966988	1	1	Fosl1
Bach1_108	5452	12682	2.63038548752834	6.1185892796835	0.429900646585712	1	1	Bach1
Creb1_109	2142	2032	1.03343465045593	0.98036377671636	1.05413385826772	0.0449659065767091	0.29444341788008	Creb1
Atf3_110	1460	2434	0.704395233270613	1.17431369711005	0.599835661462613	1	1	Atf3
Atf6_111	2465	2831	1.18927003425484	1.36585130506103	0.870717061109149	0.99999980877591	1	Atf6
Atf2_112	2357	3295	1.13716408549235	1.5897138997443	0.715326251896813	1	1	Atf2
Fosl2_113	1375	3752	0.663385921744584	1.81019925700777	0.366471215351812	1	1	Fosl2
Jdp2_114	1992	2299	0.9610652771747	1.10918126115695	0.866463679860809	0.999998868111529	1	Jdp2
Cebpa_115	603	970	0.290924880590534	0.46798861388527	0.621649484536082	1	1	Cebpa
Creb3l3_116	3431	4619	1.65532879818594	2.22849423457326	0.742801472180126	1	1	Creb3l3
Nfe2l1_117	3846	6653	1.85555073093067	3.20982293626671	0.578085074402525	1	1	Nfe2l1
Creb3l2_118	2594	3819	1.25150769527669	1.84252424374005	0.67923540193768	1	1	Creb3l2
Bach2_119	4388	11285	2.11704539972017	5.44458918319101	0.38883473637572	1	1	Bach2
Nrl_120	5510	9012	2.65836831186375	4.34795194673614	0.611407012871727	1	1	Nrl
Atf4_121	693	1135	0.334346504559271	0.547594924494621	0.61057268722467	1	1	Atf4
Crebzf_122	631	0	0.304433830269697	0	Inf	6.94254188235081e-191	7.67150877999765e-189	Crebzf
Mafg_123	5625	8699	2.71385149804603	4.19694118782265	0.646626048971146	1	1	Mafg
Atf7_124	2169	3532	1.04646113764655	1.70405750952863	0.614099660249151	1	1	Atf7
Cebpe_125	2170	3329	1.04694360013509	1.60611762435471	0.651847401622109	1	1	Cebpe
Jun_126	1671	3555	0.806194818352873	1.71515414676509	0.470042194092827	1	1	Jun
Junb_127	5725	8854	2.76209774690018	4.27172287354658	0.646600406595889	1	1	Junb
X9430076C15Rik_128	3329	4148	1.60611762435471	2.00125440247021	0.802555448408872	1	1	X9430076C15Rik
Cebpg_129	1494	2487	0.720798957881025	1.19988420900275	0.600723763570567	1	1	Cebpg
Cebpb_130	1120	1325	0.540357987166498	0.639262797317509	0.845283018867925	0.999985472207758	1	Cebpb
Nfil3_131	1157	1835	0.558209099242534	0.885318666473682	0.630517711171662	1	1	Nfil3
Nfe2_132	7594	16768	3.66382013798427	8.08993100786414	0.452886450381679	1	1	Nfe2
Dbp_133	2284	2741	1.10194432382882	1.3224296810923	0.833272528274352	0.999999999961112	1	Dbp
Crem_134	1509	1540	0.728035895209147	0.742992232353935	0.97987012987013	0.719600955350001	1	Crem
Jund_135	3982	9319	1.92116562937232	4.49606793071839	0.427299066423436	1	1	Jund
Mafb_136	5703	10760	2.75148357215227	5.19129637670671	0.530018587360595	1	1	Mafb
Nfil3_137	1285	1841	0.619964297775848	0.888213441404931	0.697990222705052	1	1	Nfil3
Nfil3_138	2130	3049	1.02764510059343	1.47102812756308	0.698589701541489	1	1	Nfil3
Zeb1_139	6170	17628	2.97679355430115	8.50484874800984	0.350011345586567	1	1	Zeb1
Zscan4_140	4276	7144	2.06300960100352	3.44671201814059	0.598544232922733	1	1	Zscan4
Bcl6b_141	9788	14452	4.72234283784436	6.97254788440199	0.677276501522281	1	1	Bcl6b
Sp1_142	13386	10116	6.45824287161673	4.88059053408597	1.32325029655991	1.84686195510639e-107	8.16312984157026e-106	Sp1
Klf4_143	19753	33136	9.53008153616056	15.9868770203117	0.596119024625785	1	1	Klf4
Plag1_144	9929	13686	4.79037004872871	6.60298161817919	0.725485897997954	1	1	Plag1
Klf5_145	27718	41035	13.3728952573937	19.7978482173011	0.675472157913976	1	1	Klf5
Ctcf_146	22285	24355	10.7516765571477	11.7503739084286	0.915007185382878	1	1	Ctcf
Snai3_147	7614	9260	3.6734693877551	4.46760264389444	0.822246220302376	1	1	Snai3
Glis2_148	3467	4793	1.67269744777344	2.31244270757949	0.723346547047778	1	1	Glis2
Ikzf1_149	4734	7897	2.28397742075554	3.81000627201235	0.599468152462961	1	1	Ikzf1
Sp2_150	28051	35925	13.5335552660781	17.332464900854	0.780821155184412	1	1	Sp2
Zbtb4_151	4377	5067	2.11173831234622	2.44463742943986	0.863824748371818	0.99999999999969	1	Zbtb4
Plagl1_152	4633	8182	2.23524870941284	3.94750808124668	0.566242972378391	1	1	Plagl1
Patz1_153	17263	26288	8.32874993969219	12.6829738987794	0.65668746195983	1	1	Patz1
Yy1_154	7356	14559	3.54899406571139	7.02417137067593	0.505254481763857	1	1	Yy1
Gli3_155	7636	17147	3.68408356250302	8.27278429102137	0.445325712952703	1	1	Gli3
Zkscan3_156	3292	6765	1.58826651227867	3.26385873498335	0.486622320768662	1	1	Zkscan3
Hivep1_157	6961	12557	3.35842138273749	6.05828146861581	0.554352154176953	1	1	Hivep1
Zfp369_158	9161	14189	4.41983885752883	6.84566024991557	0.645640989498908	1	1	Zfp369
Fezf2_159	6772	9071	3.26723597240315	4.37641723356009	0.746554955352221	1	1	Fezf2
Zfp187_160	1364	2755	0.658078834370628	1.32918415593188	0.495099818511797	1	1	Zfp187
Osr2_161	2911	5733	1.40444830414435	2.76595744680851	0.507762079190651	1	1	Osr2
Bcl6_162	10037	14677	4.84247599749119	7.08110194432383	0.683859099270968	1	1	Bcl6
Zfp263_163	5113	7360	2.46683070391277	3.55092391566556	0.694701086956522	1	1	Zfp263
Zscan10_164	6291	9191	3.03517151541468	4.43431273218507	0.684473941899685	1	1	Zscan10
Zfp523_165	10296	14213	4.96743378202345	6.85723934964057	0.724407232815029	1	1	Zfp523
Ovol1_166	3847	5844	1.85603319341921	2.81951078303662	0.658281998631075	1	1	Ovol1
Sp4_167	17287	17238	8.34032903941718	8.31668837747865	1.0028425571412	0.393653600271417	1	Sp4
Zfp711_168	3441	5525	1.66015342307136	2.66560524919188	0.622805429864253	1	1	Zfp711
Zfp202_169	6494	9210	3.1331114005886	4.44347951946736	0.705103148751357	1	1	Zfp202
Zfp282_170	5378	8079	2.59468326337627	3.89781444492691	0.665676445104592	1	1	Zfp282
Klf7_171	13568	17368	6.54605104453129	8.37940850098905	0.781206817134961	1	1	Klf7
Gfi1b_172	9239	14001	4.45747093163506	6.75495730206976	0.659881437040211	1	1	Gfi1b
Mecom_173	6553	13379	3.16157668741255	6.45486563419694	0.489797443755139	1	1	Mecom
Zbtb7b_174	5495	6179	2.65113137453563	2.98113571669803	0.889302476128823	0.999999999937374	1	Zbtb7b
Mtf1_175	2786	5060	1.34414049307666	2.44126019202007	0.550592885375494	1	1	Mtf1
Zbtb49_176	3186	4920	1.53712548849327	2.37371544362426	0.647560975609756	1	1	Zbtb49
Fezf1_177	6772	9071	3.26723597240315	4.37641723356009	0.746554955352221	1	1	Fezf1
Zkscan1_178	2054	4917	0.990977951464274	2.37226805615863	0.417734390888753	1	1	Zkscan1
Mzf1_179	4681	6443	2.25840690886284	3.10850581367299	0.726524910755859	1	1	Mzf1
Zfp300_180	2822	5170	1.36150914266416	2.49433106575964	0.545841392649903	1	1	Zfp300
Zic1_181	7590	12409	3.66189028803011	5.98687702031167	0.611652832621484	1	1	Zic1
Zbtb1_182	3067	1593	1.47971245235683	0.768562744246635	1.92529817953547	1.79462145256263e-106	7.21111529120618e-105	Zbtb1
Egr3_183	7368	8875	3.55478361557389	4.28185458580595	0.830197183098592	1	1	Egr3
Klf9_184	582	664	0.280793168331162	0.320355092391567	0.876506024096385	0.99075394242466	1	Klf9
Glis1_185	2542	4062	1.22641964587253	1.95976262845564	0.625800098473658	1	1	Glis1
Prdm4_186	6219	10587	3.00043421623969	5.10783036618903	0.587418532162086	1	1	Prdm4
Zic4_187	6754	8865	3.2585516476094	4.27702996092054	0.761872532430908	1	1	Zic4
Egr2_188	5238	6023	2.52713851498046	2.90587156848555	0.869666279262826	0.999999999999971	1	Egr2
Prdm1_189	9616	12783	4.63935928981522	6.1673179910262	0.752249080810451	1	1	Prdm1
Egr1_190	8727	8337	4.21045013750181	4.02228976697062	1.0467794170565	0.00117796562714664	0.0083977549548196	Egr1
Sp6_191	13727	13784	6.62276258020939	6.65026294205625	0.995864770748694	0.641285590239949	1	Sp6
Rreb1_192	22806	35249	11.0030395136778	17.0063202585999	0.646997077931289	1	1	Rreb1
Zfp281_193	18207	25922	8.78419452887538	12.5063926279732	0.702376359848777	1	1	Zfp281
Klf8_194	14269	23659	6.88425724899889	11.4145800164037	0.603110866900545	1	1	Klf8
Zic5_195	4299	6681	2.07410623823998	3.22333188594587	0.643466546924113	1	1	Zic5
Zfp410_196	6562	10130	3.16591884980943	4.88734500892556	0.647778874629812	1	1	Zfp410
Snai1_197	7614	9260	3.6734693877551	4.46760264389444	0.822246220302376	1	1	Snai1
Hic1_198	3791	7782	1.82901529406089	3.75452308583008	0.487149832947828	1	1	Hic1
Zfp784_199	2440	5294	1.1772084720413	2.55415641433879	0.460899131091802	1	1	Zfp784
Zfp3_200	3488	4624	1.68282916003281	2.23090654701597	0.754325259515571	1	1	Zfp3
Dnajc21_201	13724	18826	6.62131519274376	9.08283880928258	0.728991819823648	1	1	Dnajc21
Zfp354c_202	17140	28628	8.26940705360158	13.8119361219665	0.598714545200503	1	1	Zfp354c
Zfp691_203	5061	7222	2.44174265450861	3.48434409224683	0.700775408474107	1	1	Zfp691
Zfp740_204	8420	14290	4.06233415351956	6.89438896125826	0.589223233030091	1	1	Zfp740
Scrt1_205	4182	7673	2.01765812708062	3.70193467457905	0.545028020331031	1	1	Scrt1
Osr1_206	2642	6814	1.27466589472668	3.28749939692189	0.38773114176695	1	1	Osr1
Sp8_207	19359	27441	9.33999131567521	13.2392531480677	0.705477205641194	1	1	Sp8
Zfa_208	10920	15186	5.26849037487335	7.32667535099146	0.719083366258396	1	1	Zfa
Zfp161_209	4945	1621	2.3857770058378	0.782071693925797	3.0505860579889	0	0	Zfp161
Zbtb12_210	4064	7460	1.96072755343272	3.59917016451971	0.544772117962466	1	1	Zbtb12
Hic2_211	4794	9699	2.31292517006803	4.67940367636416	0.494277760593876	1	1	Hic2
Zfp524_212	4404	7119	2.12476479953684	3.43465045592705	0.618626211546565	1	1	Zfp524
Zfy1_213	10920	15186	5.26849037487335	7.32667535099146	0.719083366258396	1	1	Zfy1
Klf1_214	13018	30300	6.28069667583345	14.6186134028079	0.42963696369637	1	1	Klf1
Zscan4c_215	8117	14850	3.91614801949148	7.16456795484151	0.546599326599327	1	1	Zscan4c
Zkscan4_216	3292	6765	1.58826651227867	3.26385873498335	0.486622320768662	1	1	Zkscan4
Zkscan5_217	7241	12300	3.49351087952912	5.93428860906065	0.58869918699187	1	1	Zkscan5
Zfp105_218	12830	22023	6.18999372798765	10.6252713851498	0.582572764836762	1	1	Zfp105
Zfp110_219	9161	14189	4.41983885752883	6.84566024991557	0.645640989498908	1	1	Zfp110
Zfp637_220	4436	3860	2.14020359917016	1.86230520577025	1.14922279792746	8.88077878906536e-11	8.72289827725975e-10	Zfp637
Scrt2_221	4227	7246	2.03936893906499	3.49592319197182	0.583356334529396	1	1	Scrt2
Sp7_222	19359	27441	9.33999131567521	13.2392531480677	0.705477205641194	1	1	Sp7
Zfp128_223	344	287	0.165967096058281	0.138466734211415	1.198606271777	0.0128010475845069	0.0877219074783262	Zfp128
Zfp143_224	6560	9232	3.16495392483234	4.45409369421527	0.710571923743501	1	1	Zfp143
Zic2_225	6885	10939	3.32175423360834	5.27765716215564	0.629399396654173	1	1	Zic2
Zscan20_226	1732	3907	0.835625030153906	1.8849809427317	0.443306885078065	1	1	Zscan20
Zfp238_227	7234	12590	3.49013364210933	6.07420273073769	0.574583002382844	1	1	Zfp238
Zbtb6_228	5604	9354	2.70371978578666	4.51295411781734	0.599101988454137	1	1	Zbtb6
Zic3_229	7756	14043	3.741979061128	6.77522072658851	0.552303638823613	1	1	Zic3
Insm1_230	8439	11400	4.07150094080185	5.50007236937328	0.740263157894737	1	1	Insm1
Sp9_231	19359	27441	9.33999131567521	13.2392531480677	0.705477205641194	1	1	Sp9
Zscan4ps2_232	8117	14850	3.91614801949148	7.16456795484151	0.546599326599327	1	1	Zscan4ps2
Zscan4f_233	8117	14850	3.91614801949148	7.16456795484151	0.546599326599327	1	1	Zscan4f
Egr4_234	5611	7247	2.70709702320645	3.49640565446037	0.774251414378364	1	1	Egr4
Zbtb3_235	7614	11257	3.6734693877551	5.43108023351184	0.676379141867283	1	1	Zbtb3
Klf12_236	12726	18898	6.13981762917933	9.11757610845757	0.673404593078633	1	1	Klf12
Klf14_237	11184	13537	5.39586047184831	6.5310947073865	0.826180098987959	1	1	Klf14
Sp5_238	13727	13784	6.62276258020939	6.65026294205625	0.995864770748694	0.641285590239949	1	Sp5
Zfp652_239	5246	6575	2.53099821488879	3.17219086216047	0.79787072243346	1	1	Zfp652
Zfx_240	2506	7595	1.20905099628504	3.66430260047281	0.329953917050691	1	1	Zfx
Myt1l_241	4808	8212	2.31967964490761	3.96198195590293	0.585484656600097	1	1	Myt1l
Nfya_242	6484	9141	3.12828677570319	4.410189607758	0.709331582977792	1	1	Nfya
Cenpb_243	1055	900	0.508997925411299	0.434216239687364	1.17222222222222	0.000238951095638822	0.00186931653579397	Cenpb
Cux2_244	1710	2478	0.825010855405992	1.19554204660588	0.690072639225182	1	1	Cux2
Onecut3_245	6872	8493	3.3154822212573	4.09755391518309	0.809136936300483	1	1	Onecut3
Lin54_246	7748	7353	3.73811936121967	3.54754667824577	1.05371957024344	0.000544570582332513	0.00404538146875581	Lin54
Cxxc1_247	2296	1124	1.10773387369132	0.542287837120664	2.04270462633452	5.26276014673968e-92	1.55075998990596e-90	Cxxc1
Mbd1_248	733	1136	0.353645004100931	0.548077386983162	0.645246478873239	1	1	Mbd1
Kdm2b_249	598	1081	0.288512568147826	0.521541950113379	0.553191489361702	1	1	Kdm2b
Dmrtc2_250	4616	6569	2.22704684710764	3.16929608722922	0.702694474044756	1	1	Dmrtc2
Dmrt1_251	3970	5636	1.91537607950982	2.71915858541998	0.704400283889283	1	1	Dmrt1
Dmrt3_252	3355	5370	1.61866164905679	2.59082356346794	0.624767225325884	1	1	Dmrt3
Dmrta1_253	4917	6874	2.37226805615863	3.31644714623438	0.715304044224614	1	1	Dmrta1
Dmrt2_254	5170	5138	2.49433106575964	2.47889226612631	1.00622810432075	0.378584734832555	1	Dmrt2
Tfdp2_255	3333	2491	1.60804747430887	1.20181405895692	1.33801686069851	5.16559391419513e-29	7.48587708221065e-28	Tfdp2
Tfdp1_256	3333	2491	1.60804747430887	1.20181405895692	1.33801686069851	5.16559391419513e-29	7.48587708221065e-28	Tfdp1
E2f4_257	7371	4661	3.55623100303951	2.24875765909201	1.5814202960738	4.51920938227379e-140	3.63180099448185e-138	E2f4
E2f3_258	1498	973	0.722728807835191	0.469436001350895	1.53956834532374	1.30261977336652e-26	1.74472102978182e-25	E2f3
E2f2_259	1379	832	0.66531577169875	0.401408790466541	1.65745192307692	6.18058009635375e-32	9.58532071083634e-31	E2f2
E2f7_260	3118	4485	1.50431803927245	2.1638442611087	0.69520624303233	1	1	E2f7
E2f1_261	7917	4362	3.81965552178318	2.10450137501809	1.81499312242091	4.68237384594752e-236	8.27843695963522e-234	E2f1
E2f5_262	1436	1160	0.692816133545617	0.559656486708158	1.23793103448276	2.993205440572e-08	2.69999347904658e-07	E2f5
E2f8_263	4229	6179	2.04033386404207	2.98113571669803	0.684414953876032	1	1	E2f8
E2f6_264	15145	18370	7.30689438896126	8.86283591450765	0.824442025040827	1	1	E2f6
Sfpi1_265	6921	12200	3.33912288319583	5.88604236020649	0.567295081967213	1	1	Sfpi1
Elf3_266	6500	11435	3.13600617551985	5.51695855647223	0.568430257979886	1	1	Elf3
Etv3_267	3471	3780	1.6746272977276	1.82370820668693	0.918253968253968	0.999880274744413	1	Etv3
Etv1_268	3436	2706	1.65774111062865	1.30554349399334	1.26977087952698	3.22510336075917e-21	3.80132182788148e-20	Etv1
Spic_269	6635	15124	3.20113861147296	7.29676267670189	0.438706691351494	1	1	Spic
Etv2_270	4095	5488	1.97568389057751	2.64775413711584	0.746173469387755	1	1	Etv2
Spib_271	15887	26471	7.66488155545906	12.7712645341825	0.600166219636583	1	1	Spib
Elk3_272	3896	2824	1.87967385535775	1.36247406764124	1.37960339943343	4.4108866066365e-40	8.12338283388889e-39	Elk3
Gabpa_273	3591	3891	1.73252279635258	1.87726154291504	0.92289899768697	0.999777701033779	1	Gabpa
Elk1_274	3703	2854	1.78655859506923	1.37694794229749	1.29747722494744	2.03970640042594e-26	2.65161832055372e-25	Elk1
Ehf_275	5431	9806	2.62025377526897	4.7310271626381	0.553844584947991	1	1	Ehf
Etv5_276	3398	2578	1.63940753606407	1.24378829546003	1.31807602792863	5.78684066397379e-27	7.87010330300435e-26	Etv5
Fli1_277	3955	4896	1.9081391421817	2.36213634389926	0.807802287581699	1	1	Fli1
Etv4_278	3473	2698	1.67559222270468	1.30168379408501	1.28724981467754	1.39681895972901e-23	1.71498327833395e-22	Etv4
Spdef_279	2277	2578	1.09856708640903	1.24378829546003	0.883242823894492	0.99999353119732	1	Spdef
Elk4_280	3426	2591	1.65291648574323	1.25006030781107	1.32226939405635	1.02339353339502e-27	1.43599981511301e-26	Elk4
Elf5_281	5872	11544	2.83301973271578	5.56954696772326	0.508662508662509	1	1	Elf5
Etv6_282	4138	5675	1.99642977758479	2.7379746224731	0.729162995594714	1	1	Etv6
Elf4_283	4447	6281	2.14551068654412	3.03034689052926	0.708008278936475	1	1	Elf4
Ets1_284	3713	5499	1.79138321995465	2.6530612244898	0.675213675213675	1	1	Ets1
Elf1_285	11845	21417	5.71476817677426	10.3328991170936	0.553065321940514	1	1	Elf1
Elf2_286	4426	4348	2.13537897428475	2.09774690017851	1.0179392824287	0.203021913961967	1	Elf2
Erg_287	3862	5244	1.86327013074733	2.53003328991171	0.736460717009916	1	1	Erg
Erf_288	3913	5226	1.88787571766295	2.52134896511796	0.748756218905473	1	1	Erf
ENSMUSG00000044690_289	3398	2578	1.63940753606407	1.24378829546003	1.31807602792863	5.78684066397379e-27	7.87010330300435e-26	ENSMUSG00000044690
Gm5454_290	3450	2658	1.66449558546823	1.28238529454335	1.2979683972912	8.89994074545804e-25	1.1239353741407e-23	Gm5454
Fev_291	3524	3691	1.7001978096203	1.78076904520674	0.954754808994852	0.976997428807654	1	Fev
Gm4881_292	3591	3891	1.73252279635258	1.87726154291504	0.92289899768697	0.999777701033779	1	Gm4881
Gm4881_293	12692	21151	6.12341390456892	10.2045640951416	0.600066190723843	1	1	Gm4881
Gm4881_294	1874	2496	0.904134703526801	1.20422637139962	0.750801282051282	1	1	Gm4881
Gm4881_295	7430	11034	3.58469628986346	5.32349109856709	0.673373210077941	1	1	Gm4881
Gm4881_296	8142	14100	3.92820958170502	6.80272108843537	0.577446808510638	1	1	Gm4881
Gm4881_297	8585	14919	4.14194046412891	7.19785786655088	0.57544071318453	1	1	Gm4881
Foxj2_298	5392	9981	2.60143773821585	4.81545809813287	0.540226430217413	1	1	Foxj2
Foxg1_299	6927	13617	3.34201765812708	6.56969170646982	0.508702357347433	1	1	Foxg1
Foxp4_300	5658	9981	2.7297727601679	4.81545809813287	0.56687706642621	1	1	Foxp4
Foxp2_301	5658	9981	2.7297727601679	4.81545809813287	0.56687706642621	1	1	Foxp2
Foxp1_302	7013	12374	3.38350943214165	5.96999083321272	0.5667528689187	1	1	Foxp1
Foxj3_303	8420	13557	4.06233415351956	6.54074395715733	0.621081360182931	1	1	Foxj3
Foxh1_304	5711	8411	2.7553432720606	4.05799199112269	0.67899179645702	1	1	Foxh1
Foxj1_305	16687	25276	8.05085154629228	12.1947218603754	0.660191485994619	1	1	Foxj1
Foxa1_306	11458	17372	5.52805519370869	8.38133835094321	0.659567119502648	1	1	Foxa1
Foxa2_307	4988	10837	2.40652289284508	5.22844598832441	0.460274983851619	1	1	Foxa2
Foxf2_308	5917	10186	2.85473054470015	4.91436290828388	0.580895346554094	1	1	Foxf2
Foxq1_309	7619	10176	3.67588170019781	4.90953828339847	0.74872248427673	1	1	Foxq1
Foxk2_310	5392	9981	2.60143773821585	4.81545809813287	0.540226430217413	1	1	Foxk2
Foxp3_311	5658	9981	2.7297727601679	4.81545809813287	0.56687706642621	1	1	Foxp3
Foxf1a_312	5917	10186	2.85473054470015	4.91436290828388	0.580895346554094	1	1	Foxf1a
Foxo4_313	6252	12066	3.01635547836156	5.82139238674193	0.518150174042765	1	1	Foxo4
Foxo1_314	10649	16058	5.1377430404786	7.74738264099966	0.663158550255324	1	1	Foxo1
Foxe3_315	5300	7657	2.55705118927003	3.69421527476239	0.69217709285621	1	1	Foxe3
Foxc2_316	11205	16670	5.40599218410769	8.04264968398707	0.672165566886623	1	1	Foxc2
Foxi1_317	13020	20559	6.28166160081054	9.91894630192503	0.633299284984678	1	1	Foxi1
Foxi2_318	13020	20559	6.28166160081054	9.91894630192503	0.633299284984678	1	1	Foxi2
Foxo3_319	5392	9981	2.60143773821585	4.81545809813287	0.540226430217413	1	1	Foxo3
Foxc1_320	10452	16524	5.04269793023592	7.97221016066001	0.632534495279593	1	1	Foxc1
Foxo6_321	5325	12672	2.56911275148357	6.11376465479809	0.420217803030303	1	1	Foxo6
Foxd2_322	5300	7657	2.55705118927003	3.69421527476239	0.69217709285621	1	1	Foxd2
Foxi3_323	13020	20559	6.28166160081054	9.91894630192503	0.633299284984678	1	1	Foxi3
Foxk1_324	5392	9981	2.60143773821585	4.81545809813287	0.540226430217413	1	1	Foxk1
Foxb2_325	9864	15354	4.75900998697351	7.40772904906643	0.642438452520516	1	1	Foxb2
Foxb1_326	9864	15354	4.75900998697351	7.40772904906643	0.642438452520516	1	1	Foxb1
Foxd3_327	15171	21526	7.31943841366334	10.3854875283447	0.704775620180247	1	1	Foxd3
Foxe1_328	15171	21526	7.31943841366334	10.3854875283447	0.704775620180247	1	1	Foxe1
Foxs1_329	11205	16670	5.40599218410769	8.04264968398707	0.672165566886623	1	1	Foxs1
Foxd1_330	8309	13383	4.00878081729146	6.45679548415111	0.620862287977285	1	1	Foxd1
Gm5294_331	6918	14000	3.33767549573021	6.75447483958122	0.494142857142857	1	1	Gm5294
Gm5294_332	15761	23837	7.60409128190283	11.5004583393641	0.661198976381256	1	1	Gm5294
Gm5294_333	11446	17432	5.52226564384619	8.41028610025571	0.6566085360257	1	1	Gm5294
Gm5294_334	8309	13383	4.00878081729146	6.45679548415111	0.620862287977285	1	1	Gm5294
Gm5294_335	16687	25276	8.05085154629228	12.1947218603754	0.660191485994619	1	1	Gm5294
Gm5294_336	10028	12728	4.83813383509432	6.14078255415641	0.787869264613451	1	1	Gm5294
Gm5294_337	16286	22553	7.85738408838713	10.8809765040768	0.722121225557575	1	1	Gm5294
Gm5294_338	4375	5511	2.11077338736913	2.65885077435229	0.793866811830884	1	1	Gm5294
Gm5294_339	7200	10688	3.47372991749891	5.15655907753172	0.673652694610778	1	1	Gm5294
Gm5294_340	13020	20559	6.28166160081054	9.91894630192503	0.633299284984678	1	1	Gm5294
Gm5294_341	15171	21526	7.31943841366334	10.3854875283447	0.704775620180247	1	1	Gm5294
Gm5294_342	3208	5024	1.54773966324118	2.42389154243258	0.638535031847134	1	1	Gm5294
Gm5294_343	9282	13327	4.47821681864235	6.42977758479278	0.696480828393487	1	1	Gm5294
Gm5294_344	10895	15141	5.25642881265982	7.30496453900709	0.719569381150518	1	1	Gm5294
Gm5294_345	2356	4679	1.13668162300381	2.25744198388575	0.503526394528745	1	1	Gm5294
Gm5294_346	4735	4992	2.28445988324408	2.40845274279925	0.948517628205128	0.99594345527408	1	Gm5294
Gm5294_347	10304	14133	4.97129348193178	6.81864235055724	0.729073798910352	1	1	Gm5294
Gm5294_348	9373	12792	4.52212090509963	6.17166015342307	0.732723577235772	1	1	Gm5294
Gm5294_349	5061	9384	2.44174265450861	4.52742799247359	0.539322250639386	1	1	Gm5294
Gm5294_350	3815	6434	1.84059439378588	3.10416365127611	0.592943736400373	1	1	Gm5294
Gm5294_351	4416	7526	2.13055434939933	3.63101268876345	0.5867658782886	1	1	Gm5294
Gm5294_352	8869	13022	4.2789598108747	6.28262652578762	0.681078175395485	1	1	Gm5294
Gm5294_353	8639	12412	4.16799343851016	5.9883244077773	0.696019980663874	1	1	Gm5294
Foxl1_354	6918	14000	3.33767549573021	6.75447483958122	0.494142857142857	1	1	Foxl1
Foxl1_355	15761	23837	7.60409128190283	11.5004583393641	0.661198976381256	1	1	Foxl1
Foxl1_356	11446	17432	5.52226564384619	8.41028610025571	0.6566085360257	1	1	Foxl1
Foxl1_357	16687	25276	8.05085154629228	12.1947218603754	0.660191485994619	1	1	Foxl1
Foxl1_358	16286	22553	7.85738408838713	10.8809765040768	0.722121225557575	1	1	Foxl1
Foxl1_359	8309	13383	4.00878081729146	6.45679548415111	0.620862287977285	1	1	Foxl1
Foxl1_360	10028	12728	4.83813383509432	6.14078255415641	0.787869264613451	1	1	Foxl1
Foxl1_361	11146	21105	5.37752689728374	10.1823708206687	0.528121298270552	1	1	Foxl1
Foxl1_362	13020	20559	6.28166160081054	9.91894630192503	0.633299284984678	1	1	Foxl1
Foxl1_363	7200	10688	3.47372991749891	5.15655907753172	0.673652694610778	1	1	Foxl1
Foxl1_364	4375	5511	2.11077338736913	2.65885077435229	0.793866811830884	1	1	Foxl1
Foxl1_365	3150	4677	1.51975683890578	2.25647705890867	0.673508659397049	1	1	Foxl1
Foxl1_366	15171	21526	7.31943841366334	10.3854875283447	0.704775620180247	1	1	Foxl1
Foxl1_367	13754	18795	6.63578906740001	9.06788247213779	0.731790369779197	1	1	Foxl1
Foxl1_368	11954	17012	5.76735658802528	8.20765185506827	0.702680460851164	1	1	Foxl1
Foxl1_369	9282	13327	4.47821681864235	6.42977758479278	0.696480828393487	1	1	Foxl1
Foxl1_370	10895	15141	5.25642881265982	7.30496453900709	0.719569381150518	1	1	Foxl1
Foxl1_371	2356	4679	1.13668162300381	2.25744198388575	0.503526394528745	1	1	Foxl1
Foxl1_372	4735	4992	2.28445988324408	2.40845274279925	0.948517628205128	0.99594345527408	1	Foxl1
Foxl1_373	10304	14133	4.97129348193178	6.81864235055724	0.729073798910352	1	1	Foxl1
Foxl1_374	4969	5874	2.39735610556279	2.83398465769286	0.845931222335717	1	1	Foxl1
Foxl1_375	9373	12792	4.52212090509963	6.17166015342307	0.732723577235772	1	1	Foxl1
Foxl1_376	3815	6434	1.84059439378588	3.10416365127611	0.592943736400373	1	1	Foxl1
Foxl1_377	4416	7526	2.13055434939933	3.63101268876345	0.5867658782886	1	1	Foxl1
Foxl1_378	8869	13022	4.2789598108747	6.28262652578762	0.681078175395485	1	1	Foxl1
Foxl1_379	8639	12412	4.16799343851016	5.9883244077773	0.696019980663874	1	1	Foxl1
Foxl1_380	23133	29720	11.1608047474309	14.3387851594539	0.778364737550471	1	1	Foxl1
Foxl1_381	21142	29680	10.2002219327447	14.3194866599122	0.71233153638814	1	1	Foxl1
Gata6_382	3776	14601	1.82177835673276	7.04443479519467	0.258612423806589	1	1	Gata6
Gata2_383	5903	16532	2.84797606986057	7.97606986056834	0.357065085894024	1	1	Gata2
Gata3_384	4425	12467	2.13489651179621	6.01485984464708	0.354937033769151	1	1	Gata3
Gata5_385	4023	13304	1.94094659140252	6.41868094755633	0.302390258568851	1	1	Gata5
Gata4_386	3887	12636	1.87533169296087	6.09639600521059	0.30761316872428	1	1	Gata4
Gata1_387	6346	18158	3.06170695228446	8.76055386693685	0.349487829056063	1	1	Gata1
Gcm1_388	1319	1983	0.636368022386259	0.956723114777826	0.665153807362582	1	1	Gcm1
Tcfcp2_389	637	1051	0.307328605200946	0.507068075457133	0.606089438629876	1	1	Tcfcp2
Grhl1_390	1359	3032	0.65566652192792	1.46282626525788	0.448218997361478	1	1	Grhl1
Tcfcp2l1_391	7754	12379	3.74101413615091	5.97240314565543	0.626383391227078	1	1	Tcfcp2l1
Dux_392	4972	3951	2.39880349302842	1.90620929222753	1.25841559098962	4.24651576179109e-28	6.05470957003761e-27	Dux
Lhx2_393	5030	4301	2.42678631736382	2.07507116321706	1.16949546617066	1.2064357949712e-14	1.22584970431556e-13	Lhx2
Hoxb6_394	3718	5924	1.79379553239736	2.85810778211994	0.62761647535449	1	1	Hoxb6
Hoxa10_395	3356	5621	1.61914411154533	2.71192164809186	0.597046788827611	1	1	Hoxa10
Hoxa4_396	4434	5158	2.13923867419308	2.48854151589714	0.859635517642497	0.999999999999966	1	Hoxa4
Sebox_397	5389	4273	2.59999035075023	2.0615622135379	1.2611748186286	7.37927724724864e-31	1.12470363561514e-29	Sebox
Meox1_398	4429	4274	2.13682636175037	2.06204467602644	1.03626579316799	0.0476179612695099	0.30725750191421	Meox1
Nkx21_399	5308	5399	2.56091088917837	2.60481497563564	0.983145026856825	0.8161566713804	1	Nkx21
Irx2_400	2109	4448	1.01751338833406	2.14599314903266	0.474145683453237	1	1	Irx2
Dlx3_401	3891	3478	1.87726154291504	1.67800453514739	1.11874640598045	6.36608721400628e-07	5.35963914017291e-06	Dlx3
Mnx1_402	4417	4373	2.13103681188788	2.10980846239205	1.01006174251086	0.321474271717379	1	Mnx1
Hoxc13_403	4755	6904	2.29410913301491	3.33092102089063	0.688731170336037	1	1	Hoxc13
Hoxc11_404	3479	5651	1.67848699763593	2.72639552274811	0.615643248982481	1	1	Hoxc11
Hoxc8_405	4366	4548	2.10643122497226	2.19423939788681	0.959982409850484	0.974973101065859	1	Hoxc8
Hoxc6_406	5740	3599	2.7693346842283	1.73638249626092	1.59488746874132	2.2925436005787e-112	1.06663607521662e-110	Hoxc6
Evx2_407	5466	3602	2.63713996236793	1.73782988372654	1.51749028317601	5.45899067321663e-88	1.46234780458288e-86	Evx2
Hoxd13_408	4098	6498	1.97713127804313	3.13504125054277	0.630655586334257	1	1	Hoxd13
Hoxd12_409	3224	6250	1.55545906305785	3.01539055338447	0.51584	1	1	Hoxd12
Evx1_410	3673	4489	1.77208472041299	2.16577411106286	0.818222321229672	1	1	Evx1
Otx1_411	4374	7948	2.11029092488059	3.83461185892797	0.550327126321087	1	1	Otx1
Rhox6_412	3210	2914	1.54870458821827	1.40589569160998	1.1015785861359	7.27841252502914e-05	0.00057965015064196	Rhox6
Vax1_413	4334	4055	2.09099242533893	1.95638539103585	1.06880394574599	0.00108236707549565	0.00777896337185494	Vax1
Pknox1_414	7950	12520	3.83557678390505	6.04043035653978	0.634984025559105	1	1	Pknox1
Phox2a_415	3367	2764	1.62445119891928	1.33352631832875	1.21816208393632	4.52808509805742e-15	4.76527050795566e-14	Phox2a
Pou6f1_416	6510	6909	3.14083080040527	3.33333333333333	0.942249240121581	0.999776401997516	1	Pou6f1
Nanog_417	3383	3771	1.63217059873595	1.81936604429006	0.897109520021214	0.999998261345888	1	Nanog
Phox2b_418	3464	4111	1.67125006030781	1.98340329039417	0.842617368036974	0.999999999999972	1	Phox2b
Alx3_419	4588	6641	2.21353789742848	3.20403338640421	0.690859810269538	1	1	Alx3
Hoxa2_420	4259	4702	2.05480773869832	2.26853862112221	0.905784772437261	0.999998945995383	1	Hoxa2
Nkx25_421	4699	6000	2.26709123365658	2.8947749312491	0.783166666666667	1	1	Nkx25
Lhx1_422	6585	4801	3.17701548704588	2.31630240748782	1.37158925223912	5.99874335690566e-65	1.26259264940586e-63	Lhx1
Hoxb1_423	5106	8130	2.46345346649298	3.92242003184252	0.628044280442804	1	1	Hoxb1
Lhx9_424	4796	2914	2.31389009504511	1.40589569160998	1.6458476321208	5.17175582494775e-105	1.82873285970152e-103	Lhx9
Meis1_425	7613	12918	3.67298692526656	6.2324504269793	0.589332714042421	1	1	Meis1
Hnf1b_426	3289	3565	1.58681912481305	1.7199787716505	0.92258064516129	0.999629954548591	1	Hnf1b
Dlx4_427	2756	1989	1.32966661842042	0.959617889709075	1.38562091503268	1.85437624825562e-29	2.77842136179316e-28	Dlx4
Hoxb9_428	5348	8137	2.58020938872003	3.92579726926231	0.657244684773258	1	1	Hoxb9
Gsc_429	3469	7212	1.67366237275052	3.47951946736141	0.481003882418192	1	1	Gsc
Six6_430	2104	5643	1.01510107589135	2.72253582283977	0.372851320219741	1	1	Six6
Vsx2_431	3519	3606	1.69778549717759	1.73975973368071	0.975873544093178	0.853511165281161	1	Vsx2
Barx1_432	3218	4458	1.5525642881266	2.15081777391808	0.721848362494392	1	1	Barx1
Msx2_433	2894	2189	1.39624644183915	1.05611038741738	1.32206486980356	1.24603232820276e-23	1.55139799736795e-22	Msx2
Pitx1_434	5445	9097	2.62700825010855	4.38896125826217	0.598548972188634	1	1	Pitx1
Irx4_435	2561	4420	1.23558643315482	2.1324841993535	0.579411764705882	1	1	Irx4
Otp_436	4725	2998	2.27963525835866	1.44642254064746	1.57605070046698	1.73102192995305e-88	4.7819480814953e-87	Otp
Otx2_437	4374	7948	2.11029092488059	3.83461185892797	0.550327126321087	1	1	Otx2
Hmbox1_438	3289	3565	1.58681912481305	1.7199787716505	0.92258064516129	0.999629954548591	1	Hmbox1
Nkx31_439	4477	6080	2.15998456120037	2.93337193033242	0.736348684210526	1	1	Nkx31
Hoxc10_440	4438	4813	2.14116852414725	2.32209195735032	0.922086017037191	0.999961590426275	1	Hoxc10
Hoxc5_441	6105	6641	2.94543349254595	3.20403338640421	0.919289263665111	0.999999324216682	1	Hoxc5
Gsc2_442	4041	4569	1.94963091619627	2.20437111014619	0.884438608010506	0.999999995866146	1	Gsc2
Dlx2_443	3803	2097	1.83480484392339	1.01172383847156	1.8135431568908	1.48825823513549e-112	7.30900155477654e-111	Dlx2
Esx1_444	4725	3277	2.27963525835866	1.58102957495055	1.44186756179432	1.36503163562536e-60	2.80625108347167e-59	Esx1
Six2_445	1359	4815	0.65566652192792	2.3230568823274	0.282242990654206	1	1	Six2
Pou4f3_446	5278	3381	2.54643701452212	1.63120567375887	1.56107660455487	3.01261780269426e-95	9.18329012959215e-94	Pou4f3
Rax_447	3472	3372	1.67510976021614	1.62686351136199	1.02965599051008	0.113774807696591	0.728818333360769	Rax
Cdx1_448	4959	5573	2.39253148067738	2.68876344864187	0.889825946527902	0.999999999367997	1	Cdx1
Hhex_449	2360	5939	1.13861147295798	2.86534471944806	0.397373295167537	1	1	Hhex
Tlx1_450	4002	5389	1.93081487914315	2.59999035075023	0.742623863425496	1	1	Tlx1
Lbx1_451	5143	3268	2.48130457856902	1.57668741255367	1.57374541003672	9.45501740168576e-96	2.98508406538936e-94	Lbx1
Pitx3_452	5117	8401	2.46876055386694	4.05316736623728	0.609094155457684	1	1	Pitx3
Msx3_453	3388	2768	1.63458291117866	1.33545616828292	1.22398843930636	8.9486834866078e-16	9.76621753353246e-15	Msx3
Lhx4_454	4588	5121	2.21353789742848	2.4706904038211	0.895918765866042	0.999999979366636	1	Lhx4
Prrx1_455	3500	3091	1.68861870989531	1.49129155208183	1.13231963765772	2.01508141000488e-07	1.72944851111098e-06	Prrx1
Lmx1a_456	5275	3202	2.5449896270565	1.54484488830993	1.6474078700812	7.09555697462752e-116	3.68968962680631e-114	Lmx1a
Barhl1_457	3268	3510	1.57668741255367	1.69344333478072	0.931054131054131	0.998541228679213	1	Barhl1
Lhx6_458	2680	3462	1.29299946929126	1.67028513533073	0.774119006354708	1	1	Lhx6
Lhx3_459	6400	4983	3.0877599266657	2.40411058040237	1.28436684728075	1.09899876076899e-41	2.06705298833997e-40	Lhx3
Hoxd8_460	3184	2988	1.53616056351619	1.44159791576205	1.06559571619813	0.00619263844021975	0.0427679092277677	Hoxd8
Meis2_461	7087	12845	3.41921165629372	6.19723066531577	0.551732191514208	1	1	Meis2
Nkx22_462	4450	6336	2.14695807400975	3.05688232739904	0.702335858585859	1	1	Nkx22
Shox2_463	4796	3557	2.31389009504511	1.71611907174217	1.34832724205791	4.4957045059079e-43	8.63957126787518e-42	Shox2
Pitx2_464	5881	9454	2.83736189511265	4.56120036667149	0.622064734503914	1	1	Pitx2
Lhx8_465	4060	4733	1.95879770347855	2.28349495826699	0.857806887809001	0.999999999999818	1	Lhx8
Dmbx1_466	3681	7654	1.77594442032132	3.69276788729676	0.480925006532532	1	1	Dmbx1
Pax7_467	2897	1994	1.39769382930477	0.962030202151783	1.45285857572718	5.30402614107736e-39	9.56889614022937e-38	Pax7
Nkx11_468	3525	3512	1.70068027210884	1.6944082597578	1.00370159453303	0.442640434863532	1	Nkx11
Uncx_469	2408	1279	1.16176967240797	0.617069522844599	1.88272087568413	3.18899925889343e-79	8.05450098531941e-78	Uncx
Hnf1a_470	3372	3116	1.62686351136199	1.50335311429536	1.08215661103979	0.000708310359946144	0.00521788631826993	Hnf1a
Lhx5_471	6280	5325	3.02986442804072	2.56911275148357	1.17934272300469	1.26746740749467e-19	1.45511842626661e-18	Lhx5
Pdx1_472	3068	2457	1.48019491484537	1.1854103343465	1.24867724867725	6.69540815504381e-17	7.49207697349206e-16	Pdx1
Cdx2_473	4339	6484	2.09340473778164	3.12828677570319	0.669185687847008	1	1	Cdx2
Cux1_474	3711	2312	1.79041829497757	1.11545327350798	1.60510380622837	1.55992939113928e-74	3.62888837307137e-73	Cux1
Pax4_475	1139	2431	0.549524774448787	1.17286630964443	0.468531468531469	1	1	Pax4
Nobox_476	3458	2854	1.66835528537656	1.37694794229749	1.21163279607568	9.74400911868128e-15	1.00159349545515e-13	Nobox
Dlx6_477	3200	1948	1.54387996333285	0.939836927678873	1.64271047227926	7.02397635879438e-70	1.59210130799339e-68	Dlx6
Dlx5_478	3821	3783	1.84348916871713	1.82515559415255	1.01004493787999	0.334234659944397	1	Dlx5
Hoxa1_479	4458	4128	2.15081777391808	1.99160515269938	1.07994186046512	0.000166396655308266	0.00131334502939739	Hoxa1
Dbx1_480	5616	7012	2.70950933564915	3.38302696965311	0.800912721049629	1	1	Dbx1
Cdx4_481	4959	5573	2.39253148067738	2.68876344864187	0.889825946527902	0.999999999367997	1	Cdx4
Isx_482	3367	3753	1.62445119891928	1.81068171949631	0.89714894750866	0.999998148217951	1	Isx
Irx3_483	2353	3192	1.13523423553819	1.54002026342452	0.737155388471178	1	1	Irx3
Irx5_484	3571	5125	1.72287354658175	2.47262025377527	0.696780487804878	1	1	Irx5
Irx6_485	769	7698	0.371013653688426	3.71399623679259	0.0998960769030917	1	1	Irx6
Pbx4_486	5988	7921	2.8889853813866	3.82158537173735	0.755965155914657	1	1	Pbx4
Pou2f3_487	6092	5997	2.93916148019491	2.89332754378347	1.01584125396031	0.192785263231771	1	Pou2f3
Barx2_488	4554	4649	2.19713417281806	2.24296810922951	0.97956549795655	0.844231640045458	1	Barx2
Isl2_489	4076	6019	1.96651710329522	2.90394171853138	0.677188901810932	1	1	Isl2
Vsx1_490	4019	3134	1.93901674144835	1.51203743908911	1.28238672622846	2.36463331338481e-26	3.02947224497416e-25	Vsx1
Emx1_491	3819	3362	1.84252424374005	1.62203888647658	1.13593099345628	2.81655081116559e-08	2.56683599697978e-07	Emx1
Barhl2_492	4032	4084	1.94528875379939	1.97037680320355	0.987267384916748	0.723793886376143	1	Barhl2
Six4_493	1938	4734	0.935012302793458	2.28397742075554	0.409378960709759	1	1	Six4
Gbx2_494	4192	4310	2.02248275196603	2.07941332561393	0.97262180974478	0.903889126845371	1	Gbx2
Hdx_495	3981	10853	1.92068316688377	5.23616538814107	0.366811019994472	1	1	Hdx
Pbx2_496	5988	7921	2.8889853813866	3.82158537173735	0.755965155914657	1	1	Pbx2
Vax2_497	4365	4062	2.10594876248372	1.95976262845564	1.07459379615953	0.000443551462124632	0.00332287705523877	Vax2
Lbx2_498	5495	2914	2.65113137453563	1.40589569160998	1.88572409059712	7.84099568656717e-181	7.70160020769487e-179	Lbx2
Nkx61_499	5099	3936	2.46007622907319	1.89897235489941	1.29547764227642	1.74265018900522e-35	2.80091412196475e-34	Nkx61
Arx_500	4796	2914	2.31389009504511	1.40589569160998	1.6458476321208	5.17175582494775e-105	1.82873285970152e-103	Arx
Pknox2_501	8456	10154	4.07970280310706	4.89892410865055	0.832775260980894	1	1	Pknox2
Gsx2_502	4595	4157	2.21691513484827	2.00559656486708	1.10536444551359	1.16644442010548e-06	9.54756358678929e-06	Gsx2
Hoxc9_503	5396	4826	2.60336758817002	2.32836396970136	1.11811023622047	5.99163101684527e-09	5.63468278605449e-08	Hoxc9
Meox2_504	4607	2012	2.22270468471076	0.97071452694553	2.28976143141153	5.38727880660449e-233	7.93725744173062e-231	Meox2
Alx1_505	4108	3557	1.98195590292855	1.71611907174217	1.15490581951082	1.12205371510657e-10	1.07814726538501e-09	Alx1
Hoxa13_506	4328	6289	2.08809765040768	3.03420659043759	0.688185721100334	1	1	Hoxa13
Hoxa11_507	5459	7480	2.63376272494814	3.60881941429054	0.729812834224599	1	1	Hoxa11
Hoxa9_508	3098	4072	1.49466878950162	1.96458725334105	0.760805500982318	1	1	Hoxa9
Hoxa7_509	4563	4066	2.20147633521494	1.9616924784098	1.1222331529759	3.38118338153888e-08	3.01915768614179e-07	Hoxa7
Hoxa5_510	4273	4975	2.0615622135379	2.40025088049404	0.858894472361809	0.99999999999993	1	Hoxa5
Hoxb4_511	4148	5318	2.00125440247021	2.56573551406378	0.779992478375329	1	1	Hoxb4
Hoxb5_512	3917	4779	1.88980556761712	2.3056882327399	0.819627537141661	1	1	Hoxb5
Pbx3_513	7253	10218	3.49930042939162	4.92980170791721	0.709825797612057	1	1	Pbx3
Hoxb7_514	4585	2988	2.21209050996285	1.44159791576205	1.53447121820616	2.42143603346446e-77	5.78526879346643e-76	Hoxb7
Lmx1b_515	5864	6641	2.82916003280745	3.20403338640421	0.882999548260804	0.999999999999207	1	Lmx1b
Six3_516	1919	4287	0.925845515511169	2.06831668837748	0.447632376953581	1	1	Six3
En2_517	3307	3091	1.59550344960679	1.49129155208183	1.0698802976383	0.00337306858968275	0.0234786821518075	En2
Hlx_518	4588	6641	2.21353789742848	3.20403338640421	0.690859810269538	1	1	Hlx
Prrx2_519	4929	2914	2.37805760602113	1.40589569160998	1.69148936170213	3.18064035162857e-118	1.75730379427478e-116	Prrx2
Hmx3_520	3240	5306	1.56317846287451	2.55994596420128	0.610629476064832	1	1	Hmx3
Alx4_521	4108	3557	1.98195590292855	1.71611907174217	1.15490581951082	1.12205371510657e-10	1.07814726538501e-09	Alx4
Tlx3_522	4002	5389	1.93081487914315	2.59999035075023	0.742623863425496	1	1	Tlx3
Hesx1_523	5621	3557	2.71192164809186	1.71611907174217	1.58026426764127	2.6445257279046e-106	1.01641771455116e-104	Hesx1
ENSMUSG00000040953_524	2583	6754	1.24620060790274	3.2585516476094	0.382440035534498	1	1	ENSMUSG00000040953
Meis3_525	7087	12918	3.41921165629372	6.2324504269793	0.548614336584611	1	1	Meis3
Crx_526	4390	7228	2.11801032469725	3.48723886717808	0.607360265633647	1	1	Crx
Obox6_527	2583	6754	1.24620060790274	3.2585516476094	0.382440035534498	1	1	Obox6
Dlx1_528	3501	3218	1.68910117238385	1.5525642881266	1.08794282162834	0.000261211726123706	0.00202553654292417	Dlx1
Isl1_529	4076	6019	1.96651710329522	2.90394171853138	0.677188901810932	1	1	Isl1
Hoxd1_530	4261	3091	2.0557726636754	1.49129155208183	1.37851827887415	1.57432320382147e-43	3.09267047150706e-42	Hoxd1
Hoxd4_531	5070	3300	2.44608481690549	1.592126212187	1.53636363636364	6.82107117730087e-86	1.77347850609823e-84	Hoxd4
Hoxd11_532	2427	4088	1.17093645969026	1.97230665315772	0.593688845401174	1	1	Hoxd11
Hoxa6_533	4393	4600	2.11945771216288	2.21932744729097	0.955	0.98670990658705	1	Hoxa6
Hoxd9_534	5274	8235	2.54450716456795	3.97307859313938	0.640437158469945	1	1	Hoxd9
Emx2_535	4088	3411	1.97230665315772	1.64567954841511	1.19847552037526	1.59748403478794e-15	1.72216571555187e-14	Emx2
Nkx26_536	4552	6018	2.19616924784098	2.90345925604284	0.756397474243935	1	1	Nkx26
Nkx23_537	4319	5760	2.08375548801081	2.77898393399913	0.749826388888889	1	1	Nkx23
Gm4830_538	6003	8571	2.89622231871472	4.13518598928933	0.700385019250963	1	1	Gm4830
Prop1_539	4588	6641	2.21353789742848	3.20403338640421	0.690859810269538	1	1	Prop1
Pou3f3_540	3646	3413	1.75905823322237	1.64664447339219	1.06826838558453	0.00267351752479162	0.0187570594596492	Pou3f3
Dbx2_541	3821	3783	1.84348916871713	1.82515559415255	1.01004493787999	0.334234659944397	1	Dbx2
Tgif1_542	7442	9121	3.59048583972596	4.40054035798717	0.81591930709352	1	1	Tgif1
Msx1_543	4076	6019	1.96651710329522	2.90394171853138	0.677188901810932	1	1	Msx1
Duxbl_544	5625	7175	2.71385149804603	3.46166835528538	0.78397212543554	1	1	Duxbl
Nkx12_545	3666	3068	1.7687074829932	1.48019491484537	1.19491525423729	1.0715549551824e-13	1.07642565952414e-12	Nkx12
Hoxb3_546	3696	4550	1.78318135764944	2.1952043228639	0.812307692307692	1	1	Hoxb3
Hoxb13_547	4351	6667	2.09919428764414	3.21657741110629	0.652617369131544	1	1	Hoxb13
Nkx32_548	4340	5859	2.09388720027018	2.82674772036474	0.740740740740741	1	1	Nkx32
Hmx2_549	4380	4328	2.11318569981184	2.08809765040768	1.01201478743068	0.290352584152604	1	Hmx2
Hoxc12_550	3125	6438	1.50769527669224	3.10609350123028	0.485399192295744	1	1	Hoxc12
Hoxd10_551	3012	3682	1.45317701548705	1.77642688280986	0.818033677349267	1	1	Hoxd10
Rhox11_552	4209	7586	2.03068461427124	3.65996043807594	0.554837859214342	1	1	Rhox11
Six1_553	1445	3598	0.69715829594249	1.73590003377237	0.401612006670372	1	1	Six1
Pbx1_554	3140	6362	1.51493221402036	3.06942635210112	0.493555485696322	1	1	Pbx1
Pou3f2_555	5652	4951	2.72687798523665	2.38867178076904	1.14158755806908	2.80787010526359e-12	2.78894064387979e-11	Pou3f2
Gsx1_556	5186	4875	2.5020504655763	2.35200463163989	1.06379487179487	0.000876992215483707	0.00635459933186555	Gsx1
Nkx24_557	4835	6732	2.33270613209823	3.24793747286148	0.718211527035056	1	1	Nkx24
Obox1_558	5737	8782	2.76788729676268	4.23698557437159	0.653268048280574	1	1	Obox1
Bsx_559	3412	4087	1.64616201090365	1.97182419066918	0.834842182529973	0.999999999999998	1	Bsx
Hoxb8_560	3933	5401	1.89752496743378	2.60577990061273	0.728198481762637	1	1	Hoxb8
Pou3f4_561	7885	5915	3.80421672214985	2.85376561972307	1.33305156382079	1.13008353327778e-65	2.43657034979892e-64	Pou3f4
Homez_562	359	308	0.173204033386404	0.148598446470787	1.16558441558442	0.0262974190376438	0.174788860370504	Homez
En1_563	4588	5121	2.21353789742848	2.4706904038211	0.895918765866042	0.999999979366636	1	En1
Nkx29_564	5006	6978	2.41520721763883	3.3666232450427	0.717397535110347	1	1	Nkx29
Irx1_565	4873	7314	2.35103970666281	3.52873064119265	0.666256494394312	1	1	Irx1
Tgif2_566	7435	10734	3.58710860230617	5.17875235200463	0.692658841065772	1	1	Tgif2
Nkx63_567	5921	3831	2.85666039465432	1.84831379360255	1.54554946489167	1.0001731899276e-102	3.40058884575385e-101	Nkx63
Rhox8_568	2268	4021	1.09422492401216	1.93998166642544	0.564038796319324	1	1	Rhox8
Obox3_569	5757	9528	2.77753654653351	4.59690259082356	0.604219143576826	1	1	Obox3
Hmx1_570	4113	3963	1.98436821537125	1.91199884209003	1.03785011355034	0.0470226568465633	0.305647269502661	Hmx1
Gbx1_571	3367	2764	1.62445119891928	1.33352631832875	1.21816208393632	4.52808509805742e-15	4.76527050795566e-14	Gbx1
Rhox9_572	3210	2914	1.54870458821827	1.40589569160998	1.1015785861359	7.27841252502914e-05	0.00057965015064196	Rhox9
Noto_573	3382	2784	1.63168813624741	1.34317556809958	1.21479885057471	8.88748204691736e-15	9.24298132879406e-14	Noto
Tlx2_574	6151	6250	2.96762676701886	3.01539055338447	0.98416	0.819044600524312	1	Tlx2
Gm10391_575	5625	7175	2.71385149804603	3.46166835528538	0.78397212543554	1	1	Gm10391
Gm10394_576	5625	7175	2.71385149804603	3.46166835528538	0.78397212543554	1	1	Gm10394
Cphx_577	5674	7965	2.73749215998456	3.84281372123317	0.712366603892028	1	1	Cphx
Obox5_578	5117	9112	2.46876055386694	4.39619819559029	0.561567164179104	1	1	Obox5
AC1890281_579	6450	10647	3.11188305109278	5.13677811550152	0.605804451958298	1	1	AC1890281
Gm5889_580	5757	9528	2.77753654653351	4.59690259082356	0.604219143576826	1	1	Gm5889
Hoxc4_581	4088	5805	1.97230665315772	2.8006947459835	0.704220499569337	1	1	Hoxc4
Hoxb2_582	4262	5186	2.05625512616394	2.5020504655763	0.821827998457385	1	1	Hoxb2
Hoxd3_583	4201	4015	2.02682491436291	1.93708689149419	1.04632627646326	0.0196234038978557	0.131417341255337	Hoxd3
Hoxa3_584	5223	5834	2.51990157765234	2.8146861581512	0.895269112101474	0.999999998190896	1	Hoxa3
NP_585	2680	3462	1.29299946929126	1.67028513533073	0.774119006354708	1	1	NP
NP_586	3513	2863	1.69489072224635	1.38129010469436	1.22703457911282	1.22336089057889e-16	1.35181378408967e-15	NP
NP_587	3506	3420	1.69151348482655	1.65002171081198	1.02514619883041	0.151505314706555	0.963530202881973	NP
NP_588	2465	2962	1.18927003425484	1.42905389105997	0.832207967589467	0.999999999995098	1	NP
NP_589	4483	4865	2.16287933613162	2.34718000675448	0.921479958890031	0.999969286871577	1	NP
NP_590	3240	5306	1.56317846287451	2.55994596420128	0.610629476064832	1	1	NP
NP_591	5348	8137	2.58020938872003	3.92579726926231	0.657244684773258	1	1	NP
NP_592	3933	5401	1.89752496743378	2.60577990061273	0.728198481762637	1	1	NP
NP_593	2668	4079	1.28720991942876	1.96796449076084	0.654081882814415	1	1	NP
NP_594	5396	4826	2.60336758817002	2.32836396970136	1.11811023622047	5.99163101684527e-09	5.63468278605449e-08	NP
NP_595	4761	6428	2.29700390794616	3.10126887634486	0.740665836963286	1	1	NP
NP_596	5202	5306	2.50976986539297	2.55994596420128	0.98039954768187	0.850257872325705	1	NP
NP_597	2239	3922	1.08023351184445	1.89221788005983	0.570882202957675	1	1	NP
NP_598	4839	4652	2.3346359820524	2.24441549669513	1.04019776440241	0.0267101778748457	0.176207442099728	NP
NP_599	4571	6288	2.20533603512327	3.03372412794905	0.726940203562341	1	1	NP
NP_600	4803	6422	2.3172673324649	3.09837410141362	0.747897851136717	1	1	NP
NP_601	10959	10310	5.28730641192647	4.97418825686303	1.06294859359845	2.53168308241155e-06	2.05321820628606e-05	NP
NP_602	6463	7282	3.11815506344382	3.51329184155932	0.887530898104916	0.999999999999441	1	NP
NP_603	1413	2623	0.681719496309162	1.2654991074444	0.538696149447198	1	1	NP
NP_604	5638	5561	2.72012351039707	2.68297389877937	1.01384643049811	0.23328719944064	1	NP
NP_605	3125	6438	1.50769527669224	3.10609350123028	0.485399192295744	1	1	NP
NP_606	5099	3936	2.46007622907319	1.89897235489941	1.29547764227642	1.74265018900522e-35	2.80091412196475e-34	NP
NP_607	9931	8611	4.79133497370579	4.15448448883099	1.15329230054581	1.7978545449261e-23	2.17712796947216e-22	NP
NP_608	5117	9112	2.46876055386694	4.39619819559029	0.561567164179104	1	1	NP
Q8VHG7_609	6450	10647	3.11188305109278	5.13677811550152	0.605804451958298	1	1	Q8VHG7
Nkx11_610	3525	3512	1.70068027210884	1.6944082597578	1.00370159453303	0.442640434863532	1	Nkx11
Dobox4_611	3857	6336	1.86085781830463	3.05688232739904	0.608743686868687	1	1	Dobox4
Pax2_612	2493	2110	1.202778983934	1.0179958508226	1.18151658767773	7.34733841531814e-09	6.83689174646446e-08	Pax2
Pax3_613	1248	1497	0.602113185699812	0.722246345346649	0.833667334669339	0.99999916892929	1	Pax3
Pax6_614	4774	1988	2.3032759202972	0.959135427220534	2.40140845070423	1.96833629691173e-263	4.35002321617493e-261	Pax6
Pou1f1_615	6797	5493	3.27929753461668	2.65016644955855	1.23739304569452	3.5506036430415e-33	5.60488146508694e-32	Pou1f1
Pou2f2_616	6634	3999	3.20065614898442	1.92936749167752	1.65891472868217	1.92510981027146e-149	1.70179707227997e-147	Pou2f2
Pou6f2_617	6005	5972	2.8971872436918	2.88126598156993	1.00552578700603	0.383342014017498	1	Pou6f2
Pou5f1_618	11052	14374	5.33217542336083	6.93491581029575	0.768888270488382	1	1	Pou5f1
Pou2f1_619	5729	4733	2.76402759685434	2.28349495826699	1.21043735474329	3.09815254679899e-23	3.70103628563554e-22	Pou2f1
Pou3f1_620	6604	4644	3.18618227432817	2.2405557967868	1.42204995693368	6.21852022158109e-79	1.5269921877438e-77	Pou3f1
Pit1_621	7716	6248	3.72268056158634	3.01442562840739	1.23495518565941	6.34373000659299e-37	1.12157146516564e-35	Pit1
Pit1_622	6408	6737	3.09161962657403	3.25034978530419	0.951165207065459	0.998278632891439	1	Pit1
Pit1_623	9806	9872	4.7310271626381	4.76286968688184	0.993314424635332	0.687712612583763	1	Pit1
Pit1_624	7218	7746	3.48241424229266	3.73715443624258	0.931835786212239	0.999994713478758	1	Pit1
Hsf2_625	2280	3949	1.10001447387466	1.90524436725045	0.577361357305647	1	1	Hsf2
Hsf1_626	8189	12797	3.95088531866647	6.17407246586578	0.639915605219973	1	1	Hsf1
Hsf4_627	4804	7529	2.31774979495344	3.63246007622907	0.638066144242263	1	1	Hsf4
Hsfy2_628	902	1342	0.435181164664447	0.647464659622714	0.672131147540984	1	1	Hsfy2
Irf9_629	1840	2546	0.887730978916389	1.2283494958267	0.722702278083268	1	1	Irf9
Irf3_630	6758	9845	3.26048149756356	4.74984319969122	0.686439817166074	1	1	Irf3
Irf1_631	23111	30757	11.150190572683	14.8390987600714	0.751406183958123	1	1	Irf1
Irf4_632	1654	2865	0.797992956047667	1.38225502967144	0.577312390924956	1	1	Irf4
Irf7_633	9982	14410	4.81594056062141	6.95228445988324	0.692713393476752	1	1	Irf7
Irf6_634	1094	1353	0.527813962464418	0.652771746996671	0.808573540280857	0.999999934114774	1	Irf6
Irf5_635	1186	1801	0.572200511410238	0.86891494186327	0.658523042754026	1	1	Irf5
Irf2_636	4739	6872	2.28638973319824	3.3154822212573	0.689610011641444	1	1	Irf2
Naif1_637	695	581	0.335311429536354	0.280310705842621	1.19621342512909	0.000761836985943553	0.00556581731879422	Naif1
Mef2c_638	10383	13401	5.00940801852656	6.46547980894485	0.774792925901052	1	1	Mef2c
Srf_639	1559	2532	0.752159019636223	1.22159502098712	0.615718799368088	1	1	Srf
Mef2a_640	8092	10285	3.90408645727795	4.96212669464949	0.786776859504132	1	1	Mef2a
Mbd2_641	5956	3980	2.87354658175327	1.92020070439523	1.4964824120603	2.43886869392098e-90	6.95470943685853e-89	Mbd2
Mecp2_642	4792	5769	2.31196024509094	2.78332609639601	0.830646559195701	1	1	Mecp2
Mybl2_643	722	708	0.348337916726975	0.341583441887393	1.01977401129944	0.365290519361259	1	Mybl2
Myb_644	715	787	0.344960679307184	0.379697978482173	0.90851334180432	0.970438972953472	1	Myb
Cdc5l_645	4084	4958	1.97037680320355	2.39204901818884	0.823719241629689	1	1	Cdc5l
Smarcc2_646	7109	10733	3.42982583104164	5.17826988951609	0.662349762414982	1	1	Smarcc2
Mybl1_647	753	761	0.363294253871762	0.367153953780094	0.989487516425756	0.59161978569577	1	Mybl1
Terf2_648	3362	5151	1.62203888647658	2.48516427847735	0.652688798291594	1	1	Terf2
Mypop_649	1098	851	0.529743812418584	0.41057557774883	1.29024676850764	1.11871189267413e-08	1.03014720117076e-07	Mypop
Prdm11_650	1095	944	0.52829642495296	0.455444589183191	1.15995762711864	0.000432001509745422	0.00326401140696541	Prdm11
Gm239_651	485	4538	0.233994306942635	2.1894147730014	0.106875275451741	1	1	Gm239
Gm98_652	2255	4545	1.08795291166112	2.19279201042119	0.496149614961496	1	1	Gm98
Pparg_653	4290	8296	2.0697640758431	4.00250880494042	0.517116682738669	1	1	Pparg
Rarg_654	5896	11146	2.84459883244078	5.37752689728374	0.528979005921407	1	1	Rarg
Nr1h3_655	6054	10597	2.92082790563034	5.11265499107444	0.571293762385581	1	1	Nr1h3
Ppard_656	8278	14851	3.99382448014667	7.16505041733005	0.557403541849034	1	1	Ppard
Nr2f6_657	6526	11686	3.14855020022193	5.63805664109615	0.558446003765189	1	1	Nr2f6
Nr1i3_658	6485	10190	3.12876923819173	4.91629275823805	0.636408243375859	1	1	Nr1i3
Nr2c2_659	5100	6382	2.46055869156173	3.07907560187195	0.799122532121592	1	1	Nr2c2
Nr2c1_660	6099	10962	2.94253871761471	5.2887537993921	0.556376573617953	1	1	Nr2c1
Rxrg_661	2833	7228	1.36681623003811	3.48723886717808	0.391947980077476	1	1	Rxrg
Rxra_662	5072	9638	2.44704974188257	4.64997346456313	0.526250259389915	1	1	Rxra
Rarb_663	6429	11344	3.10175133883341	5.47305447001496	0.566731311706629	1	1	Rarb
Hnf4g_664	10540	17453	5.08515462922758	8.42041781251508	0.603907637655417	1	1	Hnf4g
Hnf4a_665	4124	8962	1.98967530274521	4.32382882230907	0.46016514170944	1	1	Hnf4a
Esr1_666	4133	7924	1.99401746514209	3.82303275920297	0.521580010095911	1	1	Esr1
Nr2e1_667	6197	8936	2.98982004149177	4.31128479760699	0.693487018800358	1	1	Nr2e1
Esr2_668	6799	14031	3.28026245959377	6.76943117672601	0.484569880977835	1	1	Esr2
Esrrb_669	6611	13416	3.18955951174796	6.47271674627298	0.492769827072153	1	1	Esrrb
Ppara_670	6091	10325	2.93867901770637	4.98142519419115	0.589927360774818	1	1	Ppara
Vdr_671	3773	6454	1.82033096926714	3.11381290104694	0.584598698481562	1	1	Vdr
Nr1i2_672	6316	9743	3.04723307762821	4.70063202585999	0.648260289438571	1	1	Nr1i2
Nr3c1_673	7636	12931	3.68408356250302	6.23872243933034	0.590518908050422	1	1	Nr3c1
Esrra_674	5498	11177	2.65257876200125	5.39248323442852	0.491903015120336	1	1	Esrra
Nr5a2_675	4783	13211	2.30761808269407	6.37381193612197	0.362046779199152	1	1	Nr5a2
Esrrg_676	7207	13211	3.47710715491871	6.37381193612197	0.545530239951556	1	1	Esrrg
Nr4a2_677	5460	12020	2.63424518743668	5.79919911226902	0.454242928452579	1	1	Nr4a2
Rorc_678	4979	8278	2.40218073044821	3.99382448014667	0.601473785938632	1	1	Rorc
Nr4a3_679	8356	15325	4.03145655425291	7.39373763689873	0.545252854812398	1	1	Nr4a3
Nr2f2_680	5374	7634	2.59275341342211	3.68311863752593	0.703955986376736	1	1	Nr2f2
Nr3c2_681	3520	6256	1.69826795966614	3.01828532831572	0.562659846547315	1	1	Nr3c2
Rora_682	2798	6205	1.34993004293916	2.99367974140011	0.450926672038678	1	1	Rora
Nr2e3_683	5736	9161	2.76740483427414	4.41983885752883	0.62613251828403	1	1	Nr2e3
Rorb_684	3580	6154	1.72721570897863	2.96907415448449	0.581735456613585	1	1	Rorb
Rara_685	5759	11022	2.77850147151059	5.31770154870459	0.522500453638178	1	1	Rara
Rxrb_686	3934	8491	1.89800742992232	4.09658899020601	0.463314097279472	1	1	Rxrb
Ar_687	6069	10959	2.92806484295846	5.28730641192647	0.553791404325212	1	1	Ar
Nr1h2_688	6054	10597	2.92082790563034	5.11265499107444	0.571293762385581	1	1	Nr1h2
Nr6a1_689	6043	12773	2.91552081825638	6.16249336614078	0.473107335786425	1	1	Nr6a1
Nr2f1_690	3934	8221	1.89800742992232	3.9663241182998	0.478530592385355	1	1	Nr2f1
Trp73_691	2582	4824	1.24571814541419	2.32739904472427	0.535240464344942	1	1	Trp73
Trp53_692	4999	9207	2.41182998021904	4.44203213200174	0.542956446182253	1	1	Trp53
Pax9_693	2187	3275	1.0551454624403	1.58006464997346	0.667786259541985	1	1	Pax9
Pax5_694	5622	7259	2.7124041105804	3.50219520432286	0.774486843917895	1	1	Pax5
Lcor_695	4205	5633	2.02875476431707	2.71771119795436	0.746493875377241	1	1	Lcor
Nfat5_696	8637	10055	4.16702851353307	4.85116032228494	0.858975634012929	1	1	Nfat5
Rel_697	4897	7648	2.3626188063878	3.68987311236551	0.640298117154812	1	1	Rel
Rela_698	7790	11954	3.75838278573841	5.76735658802528	0.651664714739836	1	1	Rela
Nfkb2_699	2502	4384	1.20712114633087	2.11511554976601	0.570711678832117	1	1	Nfkb2
Nfatc2_700	8277	9708	3.99334201765813	4.68374583876104	0.852595797280593	1	1	Nfatc2
Nfkb1_701	6092	10697	2.93916148019491	5.1609012399286	0.569505468823035	1	1	Nfkb1
Nfatc3_702	6595	8635	3.1818401119313	4.16606358855599	0.763752171395483	1	1	Nfatc3
Nfatc1_703	6444	8378	3.10898827616153	4.04207072900082	0.769157316782048	1	1	Nfatc1
Rfx5_704	11240	14307	5.42287837120664	6.90259082356347	0.785629412175858	1	1	Rfx5
Rfx6_705	8643	10271	4.16992328846432	4.95537221980991	0.841495472690098	1	1	Rfx6
Rfx4_706	9549	10029	4.60703430308294	4.83861629758286	0.952138797487287	0.999785823484848	1	Rfx4
Rfx2_707	7098	4565	3.42451874366768	2.20244126019202	1.55487404162103	2.81294289789235e-126	1.9128011705668e-124	Rfx2
Rfx1_708	10889	11372	5.25353403772857	5.48656341969412	0.957527259936687	0.999573239336798	1	Rfx1
Rfx7_709	8329	9073	4.01843006706229	4.37738215853717	0.917998456960212	0.999999996053593	1	Rfx7
Rfx3_710	6301	6662	3.03999614030009	3.21416509866358	0.945812068447914	0.999382284781901	1	Rfx3
Rfx8_711	7098	4565	3.42451874366768	2.20244126019202	1.55487404162103	2.81294289789235e-126	1.9128011705668e-124	Rfx8
Runx1_712	10395	19242	5.01519756838906	9.28354320451585	0.54022450888681	1	1	Runx1
Runx2_713	11222	21025	5.41419404641289	10.1437738215854	0.533745541022592	1	1	Runx2
Sp100_714	1116	959	0.538428137212332	0.462681526511314	1.16371220020855	0.000296578992954855	0.00227978982410514	Sp100
Gmeb1_715	1089	952	0.525401650021711	0.459304289091523	1.14390756302521	0.00126896628069291	0.00897412953706024	Gmeb1
Gmeb2_716	825	850	0.398031553046751	0.410093115260289	0.970588235294117	0.737790922732477	1	Gmeb2
Sp140_717	866	678	0.417812515076953	0.327109567231148	1.27728613569322	9.05289150203186e-07	7.47921129700576e-06	Sp140
Sp110_718	8624	12871	4.16075650118203	6.20977469001785	0.670033408437573	1	1	Sp110
AC1689771_719	8624	12871	4.16075650118203	6.20977469001785	0.670033408437573	1	1	AC1689771
IRC900814_720	866	678	0.417812515076953	0.327109567231148	1.27728613569322	9.05289150203186e-07	7.47921129700576e-06	IRC900814
IRC900814_721	722	409	0.348337916726975	0.19732715781348	1.76528117359413	4.392944271152e-21	5.10968781012943e-20	IRC900814
Nfix_722	6013	8367	2.90104694360013	4.03676364162686	0.718656627226007	1	1	Nfix
Smad3_723	6581	11989	3.17508563709172	5.78424277512423	0.54891984318959	1	1	Smad3
Nfic_724	22108	33794	10.6662806966758	16.304337337772	0.654198970231402	1	1	Nfic
Sox9_725	6020	11352	2.90442418101993	5.47691416992329	0.53030303030303	1	1	Sox9
Tcf7_726	8264	10490	3.98707000530709	5.0610315048005	0.787797902764538	1	1	Tcf7
Hbp1_727	6001	8844	2.89525739373764	4.26689824866117	0.678539122568973	1	1	Hbp1
Cic_728	6864	12141	3.31162252134896	5.85757707338254	0.565357054608352	1	1	Cic
Hmg20b_729	6992	6978	3.37337771988228	3.3666232450427	1.00200630553167	0.455455772697468	1	Hmg20b
Bbx_730	1414	6349	0.682201958797704	3.06315433975008	0.22271223814774	1	1	Bbx
Sox8_731	6776	10947	3.26916582235731	5.28151686206397	0.618982369598977	1	1	Sox8
Tcf7l2_732	7699	12098	3.71447869928113	5.83683118637526	0.636386179533807	1	1	Tcf7l2
Sox17_733	4424	6557	2.13441404930767	3.16350653736672	0.674698795180723	1	1	Sox17
Lef1_734	7550	12275	3.64259178848845	5.92222704684711	0.615071283095723	1	1	Lef1
Sox10_735	7575	9254	3.65465335070198	4.46470786896319	0.818564944888697	1	1	Sox10
Sox30_736	6785	13095	3.27350798475419	6.31784628745115	0.518136693394425	1	1	Sox30
Sox15_737	7605	11226	3.66912722535823	5.41612389636706	0.677445216461785	1	1	Sox15
Sox5_738	6537	10947	3.15385728759589	5.28151686206397	0.59714990408331	1	1	Sox5
Sox3_739	7449	7615	3.59386307714575	3.67395185024364	0.978200919238345	0.91713776336992	1	Sox3
Sox18_740	8230	13815	3.97066628069668	6.66521927920104	0.595729279768368	1	1	Sox18
Sox12_741	8388	14002	4.04689535388624	6.75543976455831	0.599057277531781	1	1	Sox12
Sox6_742	7182	9728	3.46504559270517	4.69339508853187	0.73828125	1	1	Sox6
Sox14_743	6218	6130	2.99995175375115	2.95749505475949	1.01435562805873	0.213349712861343	1	Sox14
Tcf7l1_744	4460	8706	2.15178269889516	4.20031842524244	0.512290374454399	1	1	Tcf7l1
Sox21_745	7327	14555	3.53500265354369	7.02224152072176	0.503400893163861	1	1	Sox21
Sox7_746	6776	8501	3.26916582235731	4.10141361509143	0.797082696153394	1	1	Sox7
Sox11_747	7548	12895	3.64162686351136	6.22135378974285	0.585343156262117	1	1	Sox11
Sry_748	6800	13767	3.28074492208231	6.64206107975105	0.493934771555168	1	1	Sry
Sox13_749	6351	5435	3.06411926472717	2.62218362522314	1.16853725850966	5.90291301741147e-18	6.68996808639967e-17	Sox13
Sox2_750	13119	18295	6.32942538717615	8.82665122786703	0.717081169718503	1	1	Sox2
Sox4_751	12714	25760	6.13402807931683	12.4282337048295	0.493555900621118	1	1	Sox4
ENSMUSG00000079994_752	6580	7362	3.17460317460317	3.55188884064264	0.893778864439011	0.999999999992474	1	ENSMUSG00000079994
Stat6_753	8313	12049	4.01071066724562	5.81319052443673	0.689932774504108	1	1	Stat6
Stat3_754	9032	16342	4.35760119650697	7.88440198774545	0.552686329702607	1	1	Stat3
Stat5a_755	5315	8766	2.56428812659816	4.22926617455493	0.60631987223363	1	1	Stat5a
Stat5b_756	5465	8887	2.63665749987938	4.28764413566845	0.614943175424778	1	1	Stat5b
Stat1_757	8253	14004	3.98176291793313	6.75640468953539	0.589331619537275	1	1	Stat1
Stat2_758	13899	19017	6.70574612823853	9.17498914459401	0.730872377346585	1	1	Stat2
Stat4_759	10058	16503	4.85260770975057	7.96207844840064	0.609464945767436	1	1	Stat4
Tbx2_760	4013	7496	1.9361219665171	3.6165388141072	0.535352187833511	1	1	Tbx2
Tbx4_761	3605	8046	1.73927727119216	3.88189318280504	0.4480487198608	1	1	Tbx4
Tbx21_762	2051	4132	0.989530563998649	1.99353500265354	0.496369796708616	1	1	Tbx21
Tbx1_763	5355	8619	2.58358662613982	4.15834418873933	0.621301775147929	1	1	Tbx1
Tbx5_764	3605	8046	1.73927727119216	3.88189318280504	0.4480487198608	1	1	Tbx5
Tbx3_765	3484	7184	1.68089931007864	3.46601051768225	0.484966592427617	1	1	Tbx3
Tbx19_766	2078	3866	1.00255705118927	1.8651999807015	0.537506466632178	1	1	Tbx19
Tbx20_767	4400	7407	2.12283494958267	3.57359965262701	0.594032671796949	1	1	Tbx20
Eomes_768	4285	8089	2.0673517634004	3.90263906981232	0.529731734454197	1	1	Eomes
Tbr1_769	3767	6151	1.81743619433589	2.96762676701886	0.612420744594375	1	1	Tbr1
Tbx10_770	5355	8619	2.58358662613982	4.15834418873933	0.621301775147929	1	1	Tbx10
T_771	3268	6558	1.57668741255367	3.16398899985526	0.498322659347362	1	1	T
Tbp_772	8472	10312	4.08742220292372	4.97515318184011	0.821567106283941	1	1	Tbp
Tbpl2_773	8472	10312	4.08742220292372	4.97515318184011	0.821567106283941	1	1	Tbpl2
Prkrir_774	2538	4434	1.22448979591837	2.13923867419308	0.572395128552097	1	1	Prkrir
Spz1_775	5109	9706	2.4649008539586	4.68278091378395	0.52637543787348	1	1	Spz1
Hmga1_776	1962	3801	0.946591402518454	1.8338399189463	0.516179952644041	1	1	Hmga1
Hmga1rs1_777	1962	3801	0.946591402518454	1.8338399189463	0.516179952644041	1	1	Hmga1rs1
Myf5_778	10040	18332	4.84392338495682	8.84450233994307	0.547676194632337	1	1	Myf5
Mlxipl_779	2094	2593	1.01027645100593	1.25102523278815	0.807558812186656	0.999999999999902	1	Mlxipl
Ascl1_780	10317	15358	4.97756549428282	7.4096588990206	0.671767157181925	1	1	Ascl1
Tal2_781	3568	5903	1.72142615911613	2.84797606986057	0.604438421141792	1	1	Tal2
Tal1_782	8098	12749	3.9069812322092	6.15091426641579	0.63518707349596	1	1	Tal1
Lyl1_783	8098	12749	3.9069812322092	6.15091426641579	0.63518707349596	1	1	Lyl1
Neurod1_784	2223	3137	1.07251411202779	1.51348482655474	0.708638826904686	1	1	Neurod1
Twist1_785	3091	5096	1.49129155208183	2.45862884160757	0.606554160125589	1	1	Twist1
Neurod6_786	2223	3137	1.07251411202779	1.51348482655474	0.708638826904686	1	1	Neurod6
Neurod4_787	2223	3137	1.07251411202779	1.51348482655474	0.708638826904686	1	1	Neurod4
Ddit3_788	3092	4884	1.49177401457037	2.35634679403676	0.633087633087633	1	1	Ddit3
Batf3_789	5791	9537	2.79394027114392	4.60124475322044	0.607214008598092	1	1	Batf3
Batf_790	5791	9537	2.79394027114392	4.60124475322044	0.607214008598092	1	1	Batf
Atf5_791	2771	4744	1.33690355574854	2.28880204564095	0.584106239460371	1	1	Atf5
Mafa_792	5510	9012	2.65836831186375	4.34795194673614	0.611407012871727	1	1	Mafa
Maf_793	5510	9012	2.65836831186375	4.34795194673614	0.611407012871727	1	1	Maf
Klf6_794	13005	23285	6.27442466348241	11.2341390456892	0.558514064848615	1	1	Klf6
Bcl11a_795	16386	24699	7.90563033724128	11.9163410044869	0.663427669136402	1	1	Bcl11a
Ikzf4_796	4734	7897	2.28397742075554	3.81000627201235	0.599468152462961	1	1	Ikzf4
Hivep2_797	6961	12557	3.35842138273749	6.05828146861581	0.554352154176953	1	1	Hivep2
Klf11_798	11184	13537	5.39586047184831	6.5310947073865	0.826180098987959	1	1	Klf11
Snai2_799	10444	17242	5.03883823032759	8.31861822743282	0.605730193713026	1	1	Snai2
Zfp148_800	32005	42506	15.4412119457712	20.5075505379457	0.752952524349504	1	1	Zfp148
Gli1_801	5390	11860	2.60047281323877	5.72200511410238	0.454468802698145	1	1	Gli1
Sp3_802	15250	15448	7.35755295025812	7.45308052298934	0.987182806835836	0.881066564776388	1	Sp3
Hivep3_803	6961	12557	3.35842138273749	6.05828146861581	0.554352154176953	1	1	Hivep3
Klf3_804	13005	23285	6.27442466348241	11.2341390456892	0.558514064848615	1	1	Klf3
Rest_805	8960	14095	4.32286389733198	6.80030877599267	0.635686413621852	1	1	Rest
Klf15_806	23257	29185	11.22063009601	14.0806677280841	0.796881959910913	1	1	Klf15
Maz_807	35255	49352	17.0092150335311	23.8104887345009	0.714358080726212	1	1	Maz
Zbtb7a_808	2976	3015	1.43580836589955	1.45462440295267	0.987064676616915	0.698661838333229	1	Zbtb7a
Ovol2_809	604	785	0.291407343079076	0.37873305350509	0.769426751592357	0.999999516664258	1	Ovol2
Klf10_810	6569	9564	3.16929608722922	4.61427124041106	0.686846507737348	1	1	Klf10
Zfp384_811	5702	6924	2.75100110966372	3.34057027066146	0.823512420566147	1	1	Zfp384
Zbtb7c_812	2976	3015	1.43580836589955	1.45462440295267	0.987064676616915	0.698661838333229	1	Zbtb7c
Mbtps2_813	6785	13652	3.27350798475419	6.58657789356877	0.496996777029007	1	1	Mbtps2
Bcl11b_814	16386	24699	7.90563033724128	11.9163410044869	0.663427669136402	1	1	Bcl11b
Gli2_815	5390	11860	2.60047281323877	5.72200511410238	0.454468802698145	1	1	Gli2
Zfp219_816	14683	20092	7.08399671925508	9.69363631977614	0.730788373481983	1	1	Zfp219
Klf13_817	11184	13537	5.39586047184831	6.5310947073865	0.826180098987959	1	1	Klf13
Glis3_818	9318	12489	4.49558546822985	6.02547401939499	0.74609656497718	1	1	Glis3
Klf2_819	13005	23285	6.27442466348241	11.2341390456892	0.558514064848615	1	1	Klf2
Ctcfl_820	18392	16497	8.87345008925556	7.95918367346939	1.11486937018852	1.52221322861827e-26	2.00841267775903e-25	Ctcfl
Ybx2_821	7094	6488	3.42258889371351	3.13021662565736	1.09340320591862	6.48479439507265e-08	5.62015514239629e-07	Ybx2
Ybx1_822	7094	6488	3.42258889371351	3.13021662565736	1.09340320591862	6.48479439507265e-08	5.62015514239629e-07	Ybx1
Csda_823	7094	6488	3.42258889371351	3.13021662565736	1.09340320591862	6.48479439507265e-08	5.62015514239629e-07	Csda
Rbpj_824	5592	8281	2.69793023592416	3.99527186761229	0.675280763192851	1	1	Rbpj
Rbpsuhrs3_825	5592	8281	2.69793023592416	3.99527186761229	0.675280763192851	1	1	Rbpsuhrs3
Onecut1_826	5087	6227	2.45428667921069	3.00429391614802	0.816926288742573	1	1	Onecut1
Onecut2_827	5087	6227	2.45428667921069	3.00429391614802	0.816926288742573	1	1	Onecut2
Ets2_828	3591	3891	1.73252279635258	1.87726154291504	0.92289899768697	0.999777701033779	1	Ets2
Foxn3_829	7364	11962	3.55285376561972	5.77121628793361	0.615616117706069	1	1	Foxn3
Foxn2_830	8420	13557	4.06233415351956	6.54074395715733	0.621081360182931	1	1	Foxn2
Foxa3_831	6918	14000	3.33767549573021	6.75447483958122	0.494142857142857	1	1	Foxa3
Foxl2_832	8420	13557	4.06233415351956	6.54074395715733	0.621081360182931	1	1	Foxl2
Foxd4_833	7791	13828	3.75886524822695	6.67149129155208	0.56342204223315	1	1	Foxd4
ENSMUSG00000090020_834	8420	13557	4.06233415351956	6.54074395715733	0.621081360182931	1	1	ENSMUSG00000090020
Gcm2_835	1065	1353	0.513822550296714	0.652771746996671	0.787139689578714	0.999999998195839	1	Gcm2
Ubp1_836	7754	12379	3.74101413615091	5.97240314565543	0.626383391227078	1	1	Ubp1
Six5_837	1368	3677	0.660008684324794	1.77401457036715	0.372042425890672	1	1	Six5
Nkx62_838	7126	4051	3.43802769334684	1.95445554108168	1.75907183411503	1.17920283181538e-193	1.48916471903542e-191	Nkx62
Prrxl1_839	4929	2914	2.37805760602113	1.40589569160998	1.69148936170213	3.18064035162857e-118	1.75730379427478e-116	Prrxl1
Pou4f2_840	7586	7327	3.65996043807594	3.53500265354369	1.03534871024976	0.0157066931056116	0.105990203857715	Pou4f2
Pou4f1_841	7586	7327	3.65996043807594	3.53500265354369	1.03534871024976	0.0157066931056116	0.105990203857715	Pou4f1
Mef2d_842	7244	8710	3.49495826699474	4.2022482751966	0.831687715269805	1	1	Mef2d
Smarcc1_843	6725	17162	3.24456023544169	8.2800212283495	0.391854096259177	1	1	Smarcc1
Nr1d1_844	3939	6463	1.90041974236503	3.11815506344382	0.609469286708959	1	1	Nr1d1
Nr1d2_845	3939	6463	1.90041974236503	3.11815506344382	0.609469286708959	1	1	Nr1d2
Thrb_846	2700	4563	1.30264871906209	2.20147633521494	0.591715976331361	1	1	Thrb
Nr4a1_847	8271	14299	3.99044724272688	6.89873112365514	0.578432058185887	1	1	Nr4a1
Nr5a1_848	4783	13211	2.30761808269407	6.37381193612197	0.362046779199152	1	1	Nr5a1
Pgr_849	2893	4914	1.39576397935061	2.37082066869301	0.588726088726089	1	1	Pgr
Nr1h4_850	6110	9581	2.94784580498866	4.62247310271626	0.637720488466757	1	1	Nr1h4
Nr1h5_851	6110	9581	2.94784580498866	4.62247310271626	0.637720488466757	1	1	Nr1h5
Thra_852	2700	4563	1.30264871906209	2.20147633521494	0.591715976331361	1	1	Thra
Trp63_853	6322	12050	3.05012785255946	5.81367298692527	0.524647302904564	1	1	Trp63
Pax8_854	4516	5649	2.17880059825349	2.72543059777102	0.799433528058063	1	1	Pax8
Pax1_855	4516	5649	2.17880059825349	2.72543059777102	0.799433528058063	1	1	Pax1
Relb_856	6189	9318	2.98596034158344	4.49558546822985	0.664198325820992	1	1	Relb
Nfatc4_857	6595	8635	3.1818401119313	4.16606358855599	0.763752171395483	1	1	Nfatc4
Runx3_858	10395	19242	5.01519756838906	9.28354320451585	0.54022450888681	1	1	Runx3
Nfib_859	3832	6605	1.84879625609109	3.18666473681671	0.580166540499622	1	1	Nfib
Smad4_860	2825	1823	1.36295653012978	0.879529116611183	1.54964344487109	5.22675548389104e-50	1.05010269267265e-48	Smad4
Smad2_861	6581	11989	3.17508563709172	5.78424277512423	0.54891984318959	1	1	Smad2
Nfia_862	3832	6605	1.84879625609109	3.18666473681671	0.580166540499622	1	1	Nfia
Smad1_863	7514	2409	3.62522313890095	1.16225213489651	3.11913657119137	0	0	Smad1
Tbx15_864	3531	6074	1.70357504704009	2.93047715540117	0.581330260125123	1	1	Tbx15
Tbx22_865	3531	6074	1.70357504704009	2.93047715540117	0.581330260125123	1	1	Tbx22
Tbx18_866	3531	6074	1.70357504704009	2.93047715540117	0.581330260125123	1	1	Tbx18
Tead3_867	5629	9565	2.71578134800019	4.6147537028996	0.588499738630423	1	1	Tead3
Tead4_868	7736	12472	3.73232981135717	6.01727215708979	0.620269403463759	1	1	Tead4
Hif3a_869	12329	19654	5.94828002122835	9.48231774979495	0.62730233031444	1	1	Hif3a
Creb3_870	3431	4619	1.65532879818594	2.22849423457326	0.742801472180126	1	1	Creb3
Nfe2l3_871	3846	6653	1.85555073093067	3.20982293626671	0.578085074402525	1	1	Nfe2l3
Wt1_872	22535	27961	10.8722921792831	13.4901336421093	0.805943993419406	1	1	Wt1
E4f1_873	1532	1526	0.739132532445602	0.736237757514353	1.00393184796855	0.463845548726841	1	E4f1
Klf16_874	11184	13537	5.39586047184831	6.5310947073865	0.826180098987959	1	1	Klf16
Zfp42_875	6785	13652	3.27350798475419	6.58657789356877	0.496996777029007	1	1	Zfp42
Zfp263_876	32679	46312	15.7663916630482	22.3438027693347	0.705627051304198	1	1	Zfp263
Zfp263_877	5113	7360	2.46683070391277	3.55092391566556	0.694701086956522	1	1	Zfp263
Zfp263_878	42358	58835	20.4361460896415	28.3856805133401	0.719945610605932	1	1	Zfp263
Dmrta2_879	3961	6153	1.91103391711294	2.96859169199595	0.643751015764668	1	1	Dmrta2
Foxm1_880	9831	13632	4.74308872485164	6.57692864379794	0.721170774647887	1	1	Foxm1
Mixl1_881	5211	4012	2.51411202778984	1.93563950402856	1.29885343968096	6.95290294759745e-37	1.20516984425022e-35	Mixl1
Mef2b_882	7244	8710	3.49495826699474	4.2022482751966	0.831687715269805	1	1	Mef2b
Smad5_883	7514	2409	3.62522313890095	1.16225213489651	3.11913657119137	0	0	Smad5
Smad9_884	6581	11989	3.17508563709172	5.78424277512423	0.54891984318959	1	1	Smad9
