motif	observed	background	percent.observed	percent.background	fold.enrichment	pvalue	p.adjust	motif_name
Tcfap2a_1	13010	6796	6.81812226502109	3.56156486649372	1.91436138905238	0	0	Tcfap2a
Tcfap2b_2	11500	7016	6.02677986531457	3.67685978565626	1.63911060433295	1.00657700723375e-252	1.72111039534746e-252	Tcfap2b
Tcfap2c_3	13364	6771	7.00364227130991	3.54846317113434	1.97371141633437	0	0	Tcfap2c
Tcfap2e_4	10691	6478	5.60280900348505	3.39491130152242	1.65035504785428	6.68880328051696e-240	1.10109908751899e-239	Tcfap2e
Tcfap2d_5	13421	6809	7.03351413672929	3.5683777480806	1.97106770450874	0	0	Tcfap2d
Arid3b_6	7744	4783	4.05838115452139	2.50661635615649	1.61906753083839	4.94032463321969e-161	6.7085207001017e-161	Arid3b
Arid3a_7	13759	6689	7.2106490579881	3.50548961035558	2.05695918672447	0	0	Arid3a
Arid5b_8	1829	820	0.958520032492204	0.429735607787648	2.23048780487805	1.9849548196965e-88	2.38410334322243e-88	Arid5b
Arid5a_9	6987	3366	3.66166181903938	1.76401226318686	2.07575757575758	4.25610727701915e-291	8.28722209886547e-291	Arid5a
Arid3c_10	12126	6814	6.35484631711343	3.57099808715248	1.77957147050191	0	0	Arid3c
Arid2_11	5995	3401	3.14178654717921	1.78235463668999	1.76271684798589	6.64707217504328e-164	9.06791944867015e-164	Arid2
Setbp1_12	631	406	0.330686790870739	0.212771532636323	1.55418719211823	1.35145962802866e-12	1.44810946809374e-12	Setbp1
Ahctf1_13	21022	11628	11.016953593795	6.09386054555459	1.8078775369797	0	0	Ahctf1
Hmga2_14	3282	2782	1.71999056677934	1.45795665959175	1.17972681524083	5.13195023287378e-11	5.45269712242839e-11	Hmga2
Phf21a_15	9985	5351	5.23281712653617	2.80428687472159	1.86600635395253	0	0	Phf21a
Zfp957_16	5056	2579	2.64968686948091	1.35157089327359	1.96044978673905	1.07586079928423e-183	1.55148604660238e-183	Zfp957
Tcfe3_17	4740	1990	2.48408144013835	1.04289495060661	2.38190954773869	3.8488710255446e-258	6.69764170586895e-258	Tcfe3
Mnt_18	3964	1749	2.07740481618321	0.91659460734219	2.26643796455117	1.03828111856836e-196	1.54000085371549e-196	Mnt
Npas1_19	2329	799	1.22055393967979	0.418730183685769	2.91489361702128	2.25290691694841e-173	3.15121790282025e-173	Npas1
Tcfap4_20	14234	8249	7.45958126981631	4.32303540078086	1.72554248999879	0	0	Tcfap4
Twist2_21	6682	3877	3.50182113565495	2.03181091633257	1.72349754965179	8.11850217329364e-171	1.13019778286481e-170	Twist2
Id3_22	12415	9377	6.50630191546786	4.91418389539606	1.32398421670044	3.17279441107792e-100	3.89008357752133e-100	Id3
Ascl2_23	17112	11254	8.96784843958808	5.89785918297828	1.52052603518749	2.81347644601832e-288	5.41854722936861e-288	Ascl2
Myod1_24	23459	15983	12.2941068574273	8.3761758771585	1.46774698116749	0	0	Myod1
Arnt_25	4998	2152	2.61929093624715	1.12779393653539	2.3224907063197	4.19263040825312e-260	7.33917877405101e-260	Arnt
Arnt2_26	7524	4249	3.94308623535886	2.22676414328014	1.77076959284538	3.03334027709144e-209	4.59943877349713e-209	Arnt2
Mlx_27	5723	2314	2.99924010166916	1.21269292246417	2.47320656871219	0	0	Mlx
Ahr_28	6106	2642	3.19995807457485	1.38458716557923	2.3111279333838	1.13545313969931e-315	2.35619853636666e-315	Ahr
Hey2_29	4701	2143	2.46364279537772	1.12307732620601	2.19365375641624	5.67898445363095e-219	8.83841946656647e-219	Hey2
Sim1_30	2329	799	1.22055393967979	0.418730183685769	2.91489361702128	2.25290691694841e-173	3.15121790282025e-173	Sim1
Tcf3_31	12544	7009	6.57390666352226	3.67319131095564	1.78969895848195	0	0	Tcf3
Srebf1_32	4450	2323	2.33210177396955	1.21740953279354	1.91562634524322	1.50231447081016e-152	2.01524429771802e-152	Srebf1
Id2_33	5255	2139	2.75397636454157	1.12098105494851	2.45675549322113	2.24143534782964e-302	4.46267758441756e-302	Id2
Npas3_34	2329	799	1.22055393967979	0.418730183685769	2.91489361702128	2.25290691694841e-173	3.15121790282025e-173	Npas3
Id4_35	12415	9377	6.50630191546786	4.91418389539606	1.32398421670044	3.17279441107792e-100	3.89008357752133e-100	Id4
Ahrr_36	6106	2642	3.19995807457485	1.38458716557923	2.3111279333838	1.13545313969931e-315	2.35619853636666e-315	Ahrr
Myc_37	12183	7712	6.38471818253282	4.04161098446139	1.57974585062241	1.3661005674656e-234	2.2199134221316e-234	Myc
Srebf2_38	2270	998	1.18963393863166	0.52301967874643	2.27454909819639	1.2565554307597e-113	1.58912017280626e-113	Srebf2
Hes1_39	4008	1045	2.10046380001572	0.547650866022063	3.83540669856459	0	0	Hes1
Hes7_40	3492	803	1.83004480779813	0.42082645494327	4.34869240348692	0	0	Hes7
Tcfeb_41	4762	1897	2.49561093205461	0.994156643869717	2.51027938850817	7.87498020078231e-284	1.49388036426858e-283	Tcfeb
Bhlhe22_42	4117	2660	2.15758719178262	1.39402038623798	1.54774436090226	4.58119595713216e-72	5.41414067661073e-72	Bhlhe22
Msc_43	4309	2521	2.25820821214265	1.32117496003983	1.70924236414121	4.92589964385601e-107	6.15041706944733e-107	Msc
Npas2_44	5788	2667	3.03330450960354	1.39768886093861	2.17022872140982	2.44001853576828e-264	4.33127788276939e-264	Npas2
Myog_45	21983	15059	11.5205827634096	7.89193721667584	1.45979148681851	1.57171272948724e-315	3.25385024246769e-315	Myog
Usf1_46	5759	2149	3.01810654298666	1.12622173309226	2.67985109353188	0	0	Usf1
Ptf1a_47	18197	11232	9.53646201818515	5.88632969106202	1.62010327635328	0	0	Ptf1a
Sohlh2_48	4009	1271	2.1009878678301	0.666090192070854	3.15420928402832	0	0	Sohlh2
Neurog2_49	3302	2090	1.73047192306684	1.09530173204413	1.5799043062201	9.24463325306918e-63	1.07388381021198e-62	Neurog2
Mycl1_50	6216	2498	3.25760553415612	1.3091214003092	2.48839071257006	0	0	Mycl1
Hes2_51	4497	1918	2.35673296124519	1.0051620679716	2.34462982273201	6.15399532517224e-238	1.00930090305237e-237	Hes2
Clock_52	3252	1442	1.70426853234809	0.75570578832901	2.25520110957004	8.20846437288642e-160	1.10952331890391e-159	Clock
Tcfec_53	4944	2113	2.59099127427089	1.10735529177476	2.33980123047799	8.27088446044332e-261	1.45068687758569e-260	Tcfec
Figla_54	12933	7744	6.7777690433142	4.05838115452139	1.67006714876033	1.36125143294625e-304	2.73487787891928e-304	Figla
Bhlhe40_55	4098	1658	2.14762990330949	0.868904436234049	2.47165259348613	9.66964143612412e-238	1.58295611658032e-237	Bhlhe40
Bhlhe41_56	3660	1507	1.91808820061316	0.789770196263397	2.42866622428666	5.8388738137008e-206	8.73361159274366e-206	Bhlhe41
Mesp2_57	12538	6922	6.57076225663601	3.627597411105	1.81132620629876	0	0	Mesp2
Mesp1_58	12538	6922	6.57076225663601	3.627597411105	1.81132620629876	0	0	Mesp1
Tcf12_59	11679	7182	6.12058800408773	3.76385504284254	1.62614870509607	9.86662451699494e-250	1.66770479407716e-249	Tcf12
Heyl_60	4701	2143	2.46364279537772	1.12307732620601	2.19365375641624	5.67898445363095e-219	8.83841946656647e-219	Heyl
Scx_61	12786	7790	6.70073107460105	4.08248827398265	1.6413350449294	1.21136329430097e-283	2.28813066701295e-283	Scx
Mitf_62	4911	2090	2.57369703639651	1.09530173204413	2.34976076555024	4.5524169919994e-261	8.00066922649596e-261	Mitf
Myf6_63	11757	8003	6.16146529360899	4.19411471844457	1.46907409721354	9.60389306384277e-167	1.32653772944328e-166	Myf6
Atoh7_64	4297	2624	2.25191939837015	1.37515394492047	1.6375762195122	1.22218042839006e-92	1.48001027218742e-92	Atoh7
Mycn_65	6216	2498	3.25760553415612	1.3091214003092	2.48839071257006	0	0	Mycn
Hand1_66	12147	7252	6.36585174121531	3.80053978984881	1.6749862107005	4.59493496744316e-288	8.8111117380038e-288	Hand1
Atoh8_67	14323	9684	7.5062233052957	5.07507271440925	1.47903758777365	1.77296865299026e-211	2.69759774396453e-211	Atoh8
Hand2_68	12147	7252	6.36585174121531	3.80053978984881	1.6749862107005	4.59493496744316e-288	8.8111117380038e-288	Hand2
Neurod2_69	2402	1699	1.25881089012918	0.890391216623431	1.41377280753384	1.11919146062951e-28	1.21993249222748e-28	Neurod2
Mlxip_70	5257	2358	2.75502450017032	1.23575190629667	2.22943172179813	3.69858834583136e-253	6.33634127464133e-253	Mlxip
Tcfl5_71	3066	838	1.6067919188743	0.439168828446401	3.65871121718377	1.00306705059986e-298	1.98814186710825e-298	Tcfl5
Olig2_72	3041	1899	1.59369022351492	0.995204779498467	1.6013691416535	7.7426635650854e-61	8.94707789743202e-61	Olig2
Hey1_73	4701	2143	2.46364279537772	1.12307732620601	2.19365375641624	5.67898445363095e-219	8.83841946656647e-219	Hey1
Id1_74	5255	2139	2.75397636454157	1.12098105494851	2.45675549322113	2.24143534782964e-302	4.46267758441756e-302	Id1
Neurog3_75	3302	2090	1.73047192306684	1.09530173204413	1.5799043062201	9.24463325306918e-63	1.07388381021198e-62	Neurog3
Mycs_76	6216	2498	3.25760553415612	1.3091214003092	2.48839071257006	0	0	Mycs
Bhlhe23_77	2914	1845	1.52713361108928	0.966905117522207	1.57940379403794	1.81240760105415e-55	2.07803932468465e-55	Bhlhe23
Olig3_78	3611	1909	1.89240887770878	1.00044545764222	1.89156626506024	7.44439789733472e-120	9.48248954069725e-120	Olig3
Tcf21_79	9532	5773	4.99541440662422	3.02544349238791	1.65113459206652	2.00908030261915e-213	3.08338018665855e-213	Tcf21
Npas4_80	1804	706	0.945418337132825	0.369991876948877	2.55524079320113	7.26982319592291e-111	9.14156999316622e-111	Npas4
Olig1_81	2781	1817	1.45743259177738	0.952231218719702	1.5305448541552	6.12999402038663e-47	6.8942935292898e-47	Olig1
Ferd3l_82	14900	9109	7.80861043419018	4.77373372114352	1.63574486771325	0	0	Ferd3l
Hes5_83	2456	1145	1.28711055210544	0.600057647459581	2.14497816593886	2.3785362799084e-109	2.97401141646256e-109	Hes5
Nhlh2_84	18192	11208	9.53384167911328	5.87375206351702	1.62312633832976	0	0	Nhlh2
Neurog1_85	3537	2335	1.85362785944501	1.22369834656605	1.51477516059957	7.05863551866975e-57	8.11421820351633e-57	Neurog1
Nhlh1_86	15170	9049	7.95010874407148	4.742289652281	1.67642833462261	0	0	Nhlh1
Bhlha15_87	5763	3556	3.02020281424416	1.86358514791814	1.62064116985377	8.28743084273955e-120	1.05411350575277e-119	Bhlha15
Tcf4_88	13137	7487	6.88467887744674	3.92369572622697	1.75464137838921	0	0	Tcf4
Arntl_89	5294	2130	2.7744150093022	1.11626444461913	2.48544600938967	1.07761694661767e-310	2.19496170693552e-310	Arntl
Ebf1_90	13980	7456	7.32646804496502	3.90744962398134	1.875	0	0	Ebf1
Max_91	5053	2210	2.64811466603779	1.15818986976915	2.28642533936652	2.14434981225965e-255	3.70235397272955e-255	Max
Sim2_92	2329	799	1.22055393967979	0.418730183685769	2.91489361702128	2.25290691694841e-173	3.15121790282025e-173	Sim2
Tcf15_93	12786	7790	6.70073107460105	4.08248827398265	1.6413350449294	1.21136329430097e-283	2.28813066701295e-283	Tcf15
Atoh1_94	3388	2143	1.77554175510311	1.12307732620601	1.58096126924872	1.58532040246884e-64	1.84640742527332e-64	Atoh1
Usf2_95	5572	2322	2.9201058616985	1.21688546497917	2.39965546942291	5.20531785461757e-308	1.05057100079496e-307	Usf2
Mga_96	11430	4887	5.99009511830831	2.56111940885151	2.33885819521179	0	0	Mga
Cebpd_97	1718	992	0.90034850509656	0.519875271860179	1.73185483870968	3.2917564715211e-45	3.68810230776255e-45	Cebpd
Fosb_98	15775	6661	8.26716977176847	3.49081571155307	2.36826302357003	0	0	Fosb
Hlf_99	1645	894	0.862091554647171	0.468516626051411	1.84004474272931	1.86101911262111e-51	2.11729844988038e-51	Hlf
Atf6b_100	2912	812	1.52608547546052	0.425543065272646	3.58620689655172	8.45500731800018e-278	1.56038130879168e-277	Atf6b
Nfe2l2_101	16272	8598	8.52763147551293	4.5059350679978	1.89253314724355	0	0	Nfe2l2
Mafk_102	9796	5000	5.13376830961926	2.6203390718759	1.9592	0	0	Mafk
Xbp1_103	3003	864	1.57377564656867	0.452794591620156	3.47569444444444	5.64059305921535e-277	1.03880922173883e-276	Xbp1
Fos_104	18575	7404	9.73455965201897	3.88019809763383	2.50877903835764	0	0	Fos
Tef_105	2185	1285	1.14508817440977	0.673427141472106	1.70038910505837	6.193415459234e-54	7.08276748507485e-54	Tef
Atf1_106	2401	694	1.25828682231481	0.363703063176375	3.45965417867435	2.4760017309839e-220	3.8946361747149e-220	Atf1
Fosl1_107	7709	3114	4.04003878101826	1.63194717396431	2.47559409120103	0	0	Fosl1
Bach1_108	15076	6174	7.90084636952022	3.23559468595236	2.44185293164885	0	0	Bach1
Creb1_109	3676	854	1.92647328564316	0.447553913476404	4.30444964871194	0	0	Creb1
Atf3_110	3444	1268	1.80488955270812	0.664517988627728	2.71608832807571	7.54661331821219e-232	1.21959893478968e-231	Atf3
Atf6_111	2912	812	1.52608547546052	0.425543065272646	3.58620689655172	8.45500731800018e-278	1.56038130879168e-277	Atf6
Atf2_112	4757	1618	2.49299059298273	0.847941723659042	2.94004944375772	0	0	Atf2
Fosl2_113	4752	2221	2.49037025391086	1.16395461572728	2.13957676722197	2.8331306215174e-210	4.30324307460718e-210	Fosl2
Jdp2_114	3797	1154	1.98988549118256	0.604774257788958	3.29029462738302	0	0	Jdp2
Cebpa_115	901	711	0.472185100752037	0.372612216020753	1.26722925457103	1.16470731031416e-06	1.22135381057855e-06	Cebpa
Creb3l3_116	6815	2280	3.57152215496685	1.19487461677541	2.9890350877193	0	0	Creb3l3
Nfe2l1_117	8153	3938	4.27272489060084	2.06377905300946	2.07034027425089	0	0	Nfe2l1
Creb3l2_118	4956	2001	2.59728008804339	1.04865969656474	2.4767616191904	6.09478222703198e-289	1.17894693406921e-288	Creb3l2
Bach2_119	12588	5391	6.59696564735477	2.8252495872966	2.33500278241514	0	0	Bach2
Nrl_120	10757	5609	5.63739747923381	2.93949637083039	1.91781066143698	0	0	Nrl
Atf4_121	1309	658	0.686004769017111	0.344836621858869	1.98936170212766	4.5705706629633e-50	5.17334758778432e-50	Atf4
Crebzf_122	296	0	0.155124073055053	0	Inf	7.00483241272808e-90	8.4248596637437e-90	Crebzf
Mafg_123	10400	5518	5.45030526950187	2.89180619972224	1.88474084813338	0	0	Mafg
Atf7_124	5163	1639	2.70576212561906	0.85894714776092	3.15009151921904	0	0	Atf7
Cebpe_125	4379	2069	2.29489295914891	1.08429630794225	2.1164813919768	2.86310897429326e-189	4.16966776486861e-189	Cebpe
Jun_126	4415	1758	2.31375940046642	0.921311217671567	2.51137656427759	3.55722754168395e-263	6.30178185741205e-263	Jun
Junb_127	14691	4191	7.69908026098577	2.19636821004638	3.50536864710093	0	0	Junb
X9430076C15Rik_128	6264	2178	3.28276078924613	1.14141969970914	2.87603305785124	0	0	X9430076C15Rik
Cebpg_129	2854	1699	1.49568954222676	0.890391216623431	1.67981165391407	2.42634843121985e-67	2.84468436763707e-67	Cebpg
Cebpb_130	1718	992	0.90034850509656	0.519875271860179	1.73185483870968	3.2917564715211e-45	3.68810230776255e-45	Cebpb
Nfil3_131	2259	1157	1.18386919267353	0.606346461232083	1.95246326707001	1.50347320788631e-81	1.79604096725878e-81	Nfil3
Nfe2_132	17877	9355	9.3687603175851	4.90265440347981	1.91095670764297	0	0	Nfe2
Dbp_133	3227	2100	1.69116683698871	1.10054241018788	1.53666666666667	3.99182236230156e-55	4.57094685009661e-55	Dbp
Crem_134	2712	705	1.42127191258549	0.369467809134502	3.8468085106383	6.84938981979676e-278	1.27202953796226e-277	Crem
Jund_135	11371	3740	5.95917511726017	1.96001362576317	3.0403743315508	0	0	Jund
Mafb_136	11930	6473	6.2521290254959	3.39229096245054	1.84304032133477	0	0	Mafb
Nfil3_137	2631	1376	1.3788224196211	0.721117312580248	1.91206395348837	5.37156364453255e-90	6.46929463455963e-90	Nfil3
Nfil3_138	3789	2029	1.98569294866756	1.06333359536724	1.86742237555446	1.37299731693073e-121	1.75141360485825e-121	Nfil3
Zeb1_139	17304	8618	9.06846945994812	4.5164164242853	2.00789046182409	0	0	Zeb1
Zscan4_140	8657	5642	4.53685506904593	2.95679060870477	1.53438496986884	6.69715979349525e-147	8.88932320938408e-147	Zscan4
Bcl6b_141	18873	8462	9.89073186070278	4.43466184524277	2.23032380051997	0	0	Bcl6b
Sp1_142	19409	6079	10.1716322092079	3.18580824358672	3.1927948675769	0	0	Sp1
Klf4_143	43324	15289	22.7047139899903	8.01247281398213	2.83367126692393	0	0	Klf4
Plag1_144	16915	9551	8.86460708015617	5.00537169509735	1.77101874149304	0	0	Plag1
Klf5_145	49292	24065	25.8323507061814	12.6116919529387	2.04828589237482	0	0	Klf5
Ctcf_146	38121	14189	19.9779891517962	7.43599821816943	2.68665867925858	0	0	Ctcf
Snai3_147	12400	6340	6.49844089825223	3.32258994313864	1.95583596214511	0	0	Snai3
Glis2_148	6125	3382	3.20991536304798	1.77239734821686	1.8110585452395	3.67107404592637e-181	5.22581232946685e-181	Glis2
Ikzf1_149	9496	4872	4.97654796530671	2.55325839163588	1.94909688013136	0	0	Ikzf1
Sp2_150	43305	24116	22.6947567015172	12.6384194114718	1.79569580361586	0	0	Sp2
Zbtb4_151	7581	3074	3.97295810077824	1.6109844613893	2.46616785946649	0	0	Zbtb4
Plagl1_152	8820	5575	4.62227812278909	2.92167806514163	1.58206278026906	6.59246057994703e-169	9.14872080482445e-169	Plagl1
Patz1_153	30013	18022	15.7288473128423	9.4447501506695	1.66535345688603	0	0	Patz1
Yy1_154	14156	9100	7.41870398029505	4.76901711081414	1.5556043956044	1.18127083383273e-258	2.06372216819789e-258	Yy1
Gli3_155	16096	10761	8.4353955401829	5.63949375049131	1.49577176842301	1.20402985713932e-251	2.04685075713684e-251	Gli3
Zkscan3_156	7745	3694	4.05890522233577	1.93590650630192	2.09664320519762	0	0	Zkscan3
Hivep1_157	12623	8742	6.6153080208579	4.58140083326782	1.44394875314573	1.69484972254547e-165	2.32286380578324e-165	Hivep1
Zfp369_158	17420	9096	9.12926132641564	4.76692083955664	1.91512752858399	0	0	Zfp369
Fezf2_159	11117	6237	5.82606189240888	3.268610958258	1.78242744909412	8.2568744798635e-319	1.73787590924658e-318	Fezf2
Zfp187_160	1624	1175	0.851086130545292	0.615779681890837	1.38212765957447	8.18205340766361e-18	8.82065269801784e-18	Zfp187
Osr2_161	6059	3331	3.17532688729922	1.74566988968373	1.81897328129691	2.14849829485415e-181	3.0782374273113e-181	Osr2
Bcl6_162	19218	9204	10.0715352566622	4.82352016350916	2.08800521512386	0	0	Bcl6
Zfp263_163	10374	4789	5.43667950632812	2.50976076304274	2.16621424096889	0	0	Zfp263
Zscan10_164	11937	6081	6.25579750019653	3.18685637921547	1.96299950666009	0	0	Zscan10
Zfp523_165	17564	9624	9.20472709168567	5.04362864554673	1.82502078137988	0	0	Zfp523
Ovol1_166	6348	4192	3.32678248565364	2.19689227786076	1.51431297709924	1.58189160769191e-101	1.95033777015292e-101	Ovol1
Sp4_167	25546	11524	13.3878363860284	6.03935749285958	2.21676501214856	0	0	Sp4
Zfp711_168	5757	3208	3.01705840735791	1.68120954851558	1.79457605985037	8.69256803790788e-166	1.19692058341286e-165	Zfp711
Zfp202_169	12093	6686	6.33755207923905	3.50391740691245	1.808704756207	0	0	Zfp202
Zfp282_170	9913	5281	5.19508424390116	2.76760212771533	1.87710660859686	0	0	Zfp282
Klf7_171	25809	6927	13.525666221209	3.63021775017687	3.72585534863577	0	0	Klf7
Gfi1b_172	16719	8955	8.76188978853864	4.69302727772974	1.86700167504188	0	0	Gfi1b
Mecom_173	17991	5740	9.42850404842387	3.00814925451353	3.13432055749129	0	0	Mecom
Zbtb7b_174	7690	4319	4.03008149254514	2.2634488902864	1.78050474646909	1.96636225226758e-217	3.04424558844929e-217	Zbtb7b
Mtf1_175	5125	1724	2.6858475486728	0.903492911982811	2.97273781902552	0	0	Mtf1
Zbtb49_176	6170	3004	3.23349841469486	1.57429971438304	2.05392809587217	1.53737692116453e-250	2.6085243729548e-250	Zbtb49
Fezf1_177	11117	6237	5.82606189240888	3.268610958258	1.78242744909412	8.2568744798635e-319	1.73787590924658e-318	Fezf1
Zkscan1_178	5180	2745	2.71467127846343	1.43856615045987	1.88706739526412	5.41976299015231e-171	7.56883172716374e-171	Zkscan1
Mzf1_179	7744	5975	4.05838115452139	3.1313051908917	1.29606694560669	8.98117665406922e-54	1.02575712689886e-53	Mzf1
Zfp300_180	6177	3047	3.23716688939549	1.59683463040117	2.02723990810633	1.77439796556528e-243	2.95398832685444e-243	Zfp300
Zic1_181	12694	9299	6.65251683567854	4.8733066058748	1.36509302075492	1.20692023443706e-123	1.55075216168948e-123	Zic1
Zbtb1_182	4152	1186	2.17592956528575	0.621544427848964	3.5008431703204	0	0	Zbtb1
Egr3_183	12851	4367	6.73479548253544	2.28860414537641	2.94275246164415	0	0	Egr3
Klf9_184	1112	422	0.5827634095852	0.221156617666326	2.63507109004739	2.61906687983139e-72	3.10355914446508e-72	Klf9
Glis1_185	4919	2462	2.57788957891151	1.29025495899169	1.99796913078798	5.66290447242996e-187	8.22004524405268e-187	Glis1
Prdm4_186	12295	6711	6.44341377774284	3.51701910227183	1.83206675607212	0	0	Prdm4
Zic4_187	10714	6774	5.61486256321568	3.55003537457747	1.58163566578093	3.49175451226578e-206	5.23171354041178e-206	Zic4
Egr2_188	8705	2565	4.56201032413594	1.34423394387234	3.39376218323587	0	0	Egr2
Prdm1_189	17272	8185	9.05169928988811	4.28949506066085	2.11020158827123	0	0	Prdm1
Egr1_190	13411	5111	7.02827345858554	2.67851059927155	2.62394834670319	0	0	Egr1
Sp6_191	22250	7234	11.6605088698478	3.79110656919005	3.07575338678463	0	0	Sp6
Rreb1_192	42191	21933	22.1109451563032	11.4943793726908	1.92363105822277	0	0	Rreb1
Zfp281_193	29383	18542	15.3986845897859	9.71726541414459	1.5846726350987	0	0	Zfp281
Klf8_194	32932	9524	17.2586012630034	4.99122186410922	3.45779084418312	0	0	Klf8
Zic5_195	8310	4586	4.35500353745775	2.40337499672458	1.81203663323157	1.47183243629958e-247	2.478285473693e-247	Zic5
Zfp410_196	11693	6164	6.12792495348898	3.23035400780861	1.8969824789098	0	0	Zfp410
Snai1_197	12400	6340	6.49844089825223	3.32258994313864	1.95583596214511	0	0	Snai1
Hic1_198	7022	4749	3.68000419254252	2.48879805046773	1.47862707938513	2.59877310894783e-101	3.19960366059872e-101	Hic1
Zfp784_199	6293	2526	3.29795875586301	1.32379529911171	2.49129057798892	0	0	Zfp784
Zfp3_200	6220	2806	3.25970180541362	1.47053428713676	2.21667854597292	8.28066285080576e-297	1.62669021335829e-296	Zfp3
Dnajc21_201	25441	12298	13.332809265519	6.44498598118597	2.06871035940803	0	0	Dnajc21
Zfp354c_202	32388	18361	16.9735083719833	9.62240913974268	1.76395621153532	0	0	Zfp354c
Zfp691_203	9428	4380	4.9409113539292	2.29541702696329	2.15251141552511	0	0	Zfp691
Zfp740_204	14268	10377	7.47739957550507	5.43825170977124	1.37496386238797	1.25510899293584e-145	1.66344280323131e-145	Zfp740
Scrt1_205	8932	4709	4.68097371799911	2.46783533789272	1.89679337438947	1.1134073855727e-301	2.21180253673318e-301	Scrt1
Osr1_206	4769	4194	2.49927940675523	2.19794041348951	1.13710061993324	4.1930933194882e-10	4.44981331864054e-10	Osr1
Sp8_207	34261	16290	17.955087388308	8.53706469617168	2.10319214241866	0	0	Sp8
Zfa_208	18478	9624	9.68372507402458	5.04362864554673	1.91999168744805	0	0	Zfa
Zfp161_209	6158	1092	3.22720960092236	0.572282053297697	5.63919413919414	0	0	Zfp161
Zbtb12_210	9022	3923	4.72813982129288	2.05591803579383	2.29977058373694	0	0	Zbtb12
Hic2_211	10019	6080	5.25063543222493	3.1863323114011	1.64786184210526	3.76130611564851e-223	5.93749036827373e-223	Hic2
Zfp524_212	8251	4645	4.32408353640961	2.43429499777271	1.77631862217438	4.60562499809109e-232	7.45672618738557e-232	Zfp524
Zfy1_213	18478	9624	9.68372507402458	5.04362864554673	1.91999168744805	0	0	Zfy1
Klf1_214	37319	12035	19.5576867646673	6.30715614600529	3.1008724553386	0	0	Klf1
Zscan4c_215	16771	9042	8.78914131488615	4.73862117758038	1.85478876354789	0	0	Zscan4c
Zkscan4_216	7745	3694	4.05890522233577	1.93590650630192	2.09664320519762	0	0	Zkscan4
Zkscan5_217	15735	6804	8.24620705919346	3.56575740900873	2.3126102292769	0	0	Zkscan5
Zfp105_218	27198	13177	14.2535964153761	6.90564159002175	2.06405099795097	0	0	Zfp105
Zfp110_219	17420	9096	9.12926132641564	4.76692083955664	1.91512752858399	0	0	Zfp110
Zfp637_220	8209	3126	4.30207268820585	1.63823598773681	2.62603966730646	0	0	Zfp637
Scrt2_221	8532	4559	4.47134659224904	2.38922516573645	1.87146304014038	7.72256023913607e-278	1.43118307157155e-277	Scrt2
Sp7_222	34261	16290	17.955087388308	8.53706469617168	2.10319214241866	0	0	Sp7
Zfp128_223	659	153	0.345360689673244	0.0801823755994026	4.30718954248366	5.51895188376463e-76	6.54866236946031e-76	Zfp128
Zfp143_224	11838	5889	6.20391478657338	3.08623535885544	2.01018848700968	0	0	Zfp143
Zic2_225	11511	8110	6.0325446112727	4.25018997458271	1.4193588162762	4.85106110199501e-138	6.34369528722424e-138	Zic2
Zscan20_226	3802	2211	1.99250583025443	1.15871393758352	1.71958389868838	2.69807361925747e-96	3.28525768515648e-96	Zscan20
Zfp238_227	13514	8508	7.08225244346618	4.45876896470403	1.58838740009403	5.70522353668415e-267	1.01681806581226e-266	Zfp238
Zbtb6_228	10747	5536	5.63215680109006	2.901239420381	1.94129335260116	0	0	Zbtb6
Zic3_229	13306	10088	6.97324633807615	5.28679611141682	1.3189928628073	4.19722980152276e-105	5.21849668712534e-105	Zic3
Insm1_230	14308	7709	7.49836228808008	4.04003878101826	1.85601245297704	0	0	Insm1
Sp9_231	34261	16290	17.955087388308	8.53706469617168	2.10319214241866	0	0	Sp9
Zscan4ps2_232	16771	9042	8.78914131488615	4.73862117758038	1.85478876354789	0	0	Zscan4ps2
Zscan4f_233	16771	9042	8.78914131488615	4.73862117758038	1.85478876354789	0	0	Zscan4f
Egr4_234	10313	4111	5.40471136965123	2.15444278489637	2.50863536852347	0	0	Egr4
Zbtb3_235	13741	7393	7.20121583732935	3.87443335167571	1.8586500743947	0	0	Zbtb3
Klf12_236	26922	7263	14.1089536986086	3.80630453580693	3.70673275505989	0	0	Klf12
Klf14_237	20193	6811	10.582501375678	3.56942588370935	2.96476288357069	0	0	Klf14
Sp5_238	22250	7234	11.6605088698478	3.79110656919005	3.07575338678463	0	0	Sp5
Zfp652_239	8293	4850	4.34609438461337	2.54172889971962	1.7098969072165	1.23473742180508e-207	1.85946828087852e-207	Zfp652
Zfx_240	6243	3904	3.27175536514425	2.0459607473207	1.59912909836066	9.93694322150492e-124	1.27864014669729e-123	Zfx
Myt1l_241	9842	3207	5.15787542908052	1.6806854807012	3.06891175553477	0	0	Myt1l
Nfya_242	11196	5689	5.86746324974452	2.9814217959804	1.96800843733521	0	0	Nfya
Cenpb_243	1716	585	0.899300369467809	0.30657967140948	2.93333333333333	4.08912641032346e-129	5.30805836523633e-129	Cenpb
Cux2_244	3229	1465	1.69221497261746	0.767759348059639	2.20409556313993	1.05611494134976e-151	1.41455395174725e-151	Cux2
Onecut3_245	11058	5803	5.79514189136074	3.04116552681917	1.90556608650698	0	0	Onecut3
Lin54_246	11224	5993	5.88213714854702	3.14073841155045	1.87285166027032	0	0	Lin54
Cxxc1_247	1993	909	1.04446715404973	0.476377643267039	2.19251925192519	5.00109476811141e-93	6.07275793270671e-93	Cxxc1
Mbd1_248	1263	1202	0.661897649555853	0.629929512878967	1.05074875207987	0.112673883481781	0.115549551041641	Mbd1
Kdm2b_249	1495	465	0.783481382490894	0.243691533684459	3.21505376344086	1.69640455618442e-126	2.1892286535285e-126	Kdm2b
Dmrtc2_250	8032	4472	4.20931268506145	2.34363126588581	1.79606440071556	3.97503985432921e-233	6.44758758023307e-233	Dmrtc2
Dmrt1_251	7310	3741	3.83093572308257	1.96053769357755	1.95402298850575	8.21051520463923e-265	1.46038137643885e-264	Dmrt1
Dmrt3_252	6383	3297	3.34512485915677	1.72785158399497	1.93600242644829	1.89269867536952e-225	3.0092547284652e-225	Dmrt3
Dmrta1_253	9165	4418	4.80308151874853	2.31533160390955	2.07446808510638	0	0	Dmrta1
Dmrt2_254	7689	4002	4.02955742473076	2.09731939312947	1.92128935532234	2.36358599031222e-267	4.22957493003239e-267	Dmrt2
Tfdp2_255	4915	1481	2.57579330765401	0.776144433089642	3.31870357866307	0	0	Tfdp2
Tfdp1_256	4915	1481	2.57579330765401	0.776144433089642	3.31870357866307	0	0	Tfdp1
E2f4_257	10841	2744	5.68141917564133	1.43804208264549	3.95080174927114	0	0	E2f4
E2f3_258	2272	626	1.19068207426041	0.328066451798863	3.62939297124601	1.59569177684434e-219	2.50549117358862e-219	E2f3
E2f2_259	2121	558	1.11154783428976	0.292429840421351	3.8010752688172	7.51466861121218e-215	1.15933107370184e-214	E2f2
E2f7_260	5587	2888	2.92796687891413	1.51350784791552	1.9345567867036	1.25533398135081e-196	1.85881949667356e-196	E2f7
E2f1_261	10726	3065	5.62115137698818	1.60626785105993	3.49951060358891	0	0	E2f1
E2f5_262	2239	744	1.17338783638603	0.389906453895134	3.00940860215054	6.56988264628979e-174	9.24805136834423e-174	E2f5
E2f8_263	7532	4139	3.94727877787386	2.16911668369887	1.81976322783281	1.41923984504564e-226	2.26055499643306e-226	E2f8
E2f6_264	25040	12385	13.1226580719545	6.49057988103661	2.02180056519984	0	0	E2f6
Sfpi1_265	14414	7245	7.55391347640385	3.79687131514818	1.98951000690131	0	0	Sfpi1
Elf3_266	14297	6478	7.49259754212195	3.39491130152242	2.20700833590614	0	0	Elf3
Etv3_267	5897	2080	3.09042790137044	1.09006105390037	2.83509615384615	0	0	Etv3
Etv1_268	5384	1535	2.82158111259597	0.804444095065902	3.50749185667752	0	0	Etv1
Spic_269	16240	9272	8.51086130545293	4.85915677488667	1.75150992234685	0	0	Spic
Etv2_270	7531	3375	3.94675471005948	1.76872887351623	2.23140740740741	0	0	Etv2
Spib_271	30729	16400	16.1040798679349	8.59471215575295	1.87371951219512	0	0	Spib
Elk3_272	5608	1631	2.93897230301601	0.854754605245919	3.43838136112814	0	0	Elk3
Gabpa_273	6183	1921	3.24031129628174	1.00673427141472	3.21863612701718	0	0	Gabpa
Elk1_274	5834	1605	3.0574116290648	0.841128842072164	3.63489096573209	0	0	Elk1
Ehf_275	12021	5046	6.29981919660404	2.64444619133716	2.38228299643282	0	0	Ehf
Etv5_276	5325	1515	2.79066111154783	0.793962738778398	3.51485148514851	0	0	Etv5
Fli1_277	6399	2833	3.35350994418678	1.48468411812489	2.25873632192023	5.85845108255606e-317	1.22722057655585e-316	Fli1
Etv4_278	5394	1533	2.82682179073972	0.803395959437151	3.51859099804305	0	0	Etv4
Spdef_279	4048	1528	2.12142651259073	0.800775620365275	2.64921465968586	1.31574541273573e-262	2.32159470031614e-262	Spdef
Elk4_280	5333	1462	2.79485365406284	0.766187144616513	3.64774281805746	0	0	Elk4
Elf5_281	13824	6120	7.24471346592249	3.2072950239761	2.25882352941176	0	0	Elf5
Etv6_282	7321	3214	3.83670046904069	1.68435395540183	2.2778469197262	0	0	Etv6
Elf4_283	7611	3375	3.9886801352095	1.76872887351623	2.25511111111111	0	0	Elf4
Ets1_284	6843	3270	3.58619605376936	1.71370175300684	2.09266055045872	4.15762851211322e-290	8.07767825210568e-290	Ets1
Elf1_285	25347	11928	13.2835468909677	6.25108088986715	2.125	0	0	Elf1
Elf2_286	7243	2484	3.79582317951943	1.30178445090795	2.9158615136876	0	0	Elf2
Erg_287	6208	2853	3.25341299164112	1.49516547441239	2.17595513494567	2.40181881158507e-285	4.5758789427612e-285	Erg
Erf_288	7625	3058	3.99601708461075	1.6025993763593	2.49345977763244	0	0	Erf
ENSMUSG00000044690_289	5325	1515	2.79066111154783	0.793962738778398	3.51485148514851	0	0	ENSMUSG00000044690
Gm5454_290	5327	1471	2.79170924717658	0.77090375494589	3.62134602311353	0	0	Gm5454
Fev_291	6078	2130	3.18528417577234	1.11626444461913	2.85352112676056	0	0	Fev
Gm4881_292	6183	1921	3.24031129628174	1.00673427141472	3.21863612701718	0	0	Gm4881
Gm4881_293	24679	12858	12.9334695909651	6.73846395723607	1.91934982112304	0	0	Gm4881
Gm4881_294	3515	1469	1.84209836752876	0.76985561931714	2.3927842069435	1.06381598132601e-192	1.55955775703515e-192	Gm4881
Gm4881_295	13564	6880	7.10845583418494	3.60558656290124	1.97151162790698	0	0	Gm4881
Gm4881_296	17107	8159	8.96522810051621	4.27586929748709	2.09670302733178	0	0	Gm4881
Gm4881_297	16600	9239	8.69952571862799	4.84186253701229	1.79673124797056	0	0	Gm4881
Foxj2_298	13935	5447	7.30288499331814	2.85459738490161	2.55828896640353	0	0	Foxj2
Foxg1_299	16842	7953	8.82635012970678	4.16791132772581	2.11769143719351	0	0	Foxg1
Foxp4_300	13935	5447	7.30288499331814	2.85459738490161	2.55828896640353	0	0	Foxp4
Foxp2_301	13935	5447	7.30288499331814	2.85459738490161	2.55828896640353	0	0	Foxp2
Foxp1_302	16175	6666	8.47679689751854	3.49343605062495	2.42649264926493	0	0	Foxp1
Foxj3_303	16747	7632	8.77656368734114	3.99968555931137	2.19431341719078	0	0	Foxj3
Foxh1_304	9844	5564	5.15892356470927	2.9159133191835	1.76923076923077	5.3739270565323e-275	9.77479736208756e-275	Foxh1
Foxj1_305	33419	14206	17.5138222886041	7.44490737101381	2.35245670843306	0	0	Foxj1
Foxa1_306	23725	9696	12.4335088960511	5.08136152818175	2.44688531353135	0	0	Foxa1
Foxa2_307	12198	4350	6.39257919974845	2.27969499253203	2.80413793103448	0	0	Foxa2
Foxf2_308	12929	5676	6.7756727720567	2.97460891439352	2.27783650458069	0	0	Foxf2
Foxq1_309	13330	6384	6.98582396562115	3.34564892697115	2.08803258145363	0	0	Foxq1
Foxk2_310	13408	5447	7.02670125514242	2.85459738490161	2.46153846153846	0	0	Foxk2
Foxp3_311	13935	5447	7.30288499331814	2.85459738490161	2.55828896640353	0	0	Foxp3
Foxf1a_312	12929	5676	6.7756727720567	2.97460891439352	2.27783650458069	0	0	Foxf1a
Foxo4_313	14611	6854	7.65715483583576	3.59196079972748	2.13174788444704	0	0	Foxo4
Foxo1_314	20164	10151	10.5673034090611	5.31981238372245	1.98640528026795	0	0	Foxo1
Foxe3_315	12881	6123	6.7505175169667	3.20886722741923	2.1037073330067	0	0	Foxe3
Foxc2_316	21701	10300	11.3727956397558	5.39789848806435	2.1068932038835	0	0	Foxc2
Foxi1_317	27042	11870	14.1718418363336	6.22068495663339	2.27818028643639	0	0	Foxi1
Foxi2_318	27042	11870	14.1718418363336	6.22068495663339	2.27818028643639	0	0	Foxi2
Foxo3_319	13408	5447	7.02670125514242	2.85459738490161	2.46153846153846	0	0	Foxo3
Foxc1_320	20278	10144	10.6270471398999	5.31614390902183	1.9990141955836	0	0	Foxc1
Foxo6_321	13531	7128	7.09116159631056	3.73555538086628	1.89828843995511	0	0	Foxo6
Foxd2_322	12881	6123	6.7505175169667	3.20886722741923	2.1037073330067	0	0	Foxd2
Foxi3_323	27042	11870	14.1718418363336	6.22068495663339	2.27818028643639	0	0	Foxi3
Foxk1_324	13408	5447	7.02670125514242	2.85459738490161	2.46153846153846	0	0	Foxk1
Foxb2_325	20651	8898	10.8225244346618	4.66315541231035	2.32085861991459	0	0	Foxb2
Foxb1_326	20651	8898	10.8225244346618	4.66315541231035	2.32085861991459	0	0	Foxb1
Foxd3_327	28760	12862	15.0721903414302	6.74056022849357	2.2360441610947	0	0	Foxd3
Foxe1_328	28760	12862	15.0721903414302	6.74056022849357	2.2360441610947	0	0	Foxe1
Foxs1_329	21701	10300	11.3727956397558	5.39789848806435	2.1068932038835	0	0	Foxs1
Foxd1_330	17619	7442	9.2335508214763	3.90011267458009	2.36750873421123	0	0	Foxd1
Gm5294_331	16315	7843	8.55016639153106	4.11026386814454	2.08019890348081	0	0	Gm5294
Gm5294_332	32018	13323	16.7796032806645	6.98215549092052	2.4032124896795	0	0	Gm5294
Gm5294_333	22825	10371	11.9618478631135	5.43510730288499	2.20084851991129	0	0	Gm5294
Gm5294_334	17619	7442	9.2335508214763	3.90011267458009	2.36750873421123	0	0	Gm5294
Gm5294_335	33419	14206	17.5138222886041	7.44490737101381	2.35245670843306	0	0	Gm5294
Gm5294_336	18641	7930	9.76914812776773	4.15585776799518	2.35069356872636	0	0	Gm5294
Gm5294_337	31207	13254	16.3545842832062	6.94599481172864	2.35453448015693	0	0	Gm5294
Gm5294_338	7753	3558	4.06309776485077	1.86463328354689	2.17903316469927	0	0	Gm5294
Gm5294_339	14432	6147	7.5633466970626	3.22144485496423	2.34781194078412	0	0	Gm5294
Gm5294_340	27042	11870	14.1718418363336	6.22068495663339	2.27818028643639	0	0	Gm5294
Gm5294_341	28760	12862	15.0721903414302	6.74056022849357	2.2360441610947	0	0	Gm5294
Gm5294_342	6416	2944	3.36241909703116	1.54285564552053	2.17934782608696	5.27260975142083e-296	1.03347827500133e-295	Gm5294
Gm5294_343	18453	7718	9.6706233786652	4.04475539134764	2.39090437937289	0	0	Gm5294
Gm5294_344	20760	8849	10.8796478264287	4.63747608940597	2.34602779975138	0	0	Gm5294
Gm5294_345	5030	2697	2.63606110630716	1.41341089536986	1.86503522432332	5.99543770214342e-161	8.11633526599507e-161	Gm5294
Gm5294_346	6745	2895	3.53483740796059	1.51717632261615	2.32987910189983	0	0	Gm5294
Gm5294_347	18561	9001	9.72722270261772	4.717134397191	2.06210421064326	0	0	Gm5294
Gm5294_348	16539	8131	8.6675575819511	4.26119539868459	2.034067150412	0	0	Gm5294
Gm5294_349	10554	5252	5.53101171291565	2.75240416109845	2.00952018278751	0	0	Gm5294
Gm5294_350	7565	3857	3.96457301574824	2.02132956004507	1.96136893959036	8.94254271271606e-277	1.64008459710394e-276	Gm5294
Gm5294_351	9419	4315	4.93619474359982	2.2613526190289	2.18285052143685	0	0	Gm5294
Gm5294_352	17625	7618	9.23669522836255	3.99234860991012	2.31359936991336	0	0	Gm5294
Gm5294_353	15320	7565	8.02871891622776	3.96457301574824	2.02511566424323	0	0	Gm5294
Foxl1_354	16315	7843	8.55016639153106	4.11026386814454	2.08019890348081	0	0	Foxl1
Foxl1_355	32018	13323	16.7796032806645	6.98215549092052	2.4032124896795	0	0	Foxl1
Foxl1_356	22825	10371	11.9618478631135	5.43510730288499	2.20084851991129	0	0	Foxl1
Foxl1_357	33419	14206	17.5138222886041	7.44490737101381	2.35245670843306	0	0	Foxl1
Foxl1_358	31207	13254	16.3545842832062	6.94599481172864	2.35453448015693	0	0	Foxl1
Foxl1_359	17619	7442	9.2335508214763	3.90011267458009	2.36750873421123	0	0	Foxl1
Foxl1_360	18641	7930	9.76914812776773	4.15585776799518	2.35069356872636	0	0	Foxl1
Foxl1_361	21946	8714	11.5011922542777	4.56672693446532	2.51847601560707	0	0	Foxl1
Foxl1_362	27042	11870	14.1718418363336	6.22068495663339	2.27818028643639	0	0	Foxl1
Foxl1_363	14432	6147	7.5633466970626	3.22144485496423	2.34781194078412	0	0	Foxl1
Foxl1_364	7753	3558	4.06309776485077	1.86463328354689	2.17903316469927	0	0	Foxl1
Foxl1_365	6251	2749	3.27594790765925	1.44066242171737	2.27391778828665	1.60282865382647e-313	3.31051525697515e-313	Foxl1
Foxl1_366	28760	12862	15.0721903414302	6.74056022849357	2.2360441610947	0	0	Foxl1
Foxl1_367	25501	11167	13.3642533343815	5.85226528312764	2.28360347452315	0	0	Foxl1
Foxl1_368	22596	10230	11.8418363336216	5.36121374105809	2.20879765395894	0	0	Foxl1
Foxl1_369	18453	7718	9.6706233786652	4.04475539134764	2.39090437937289	0	0	Foxl1
Foxl1_370	20760	8849	10.8796478264287	4.63747608940597	2.34602779975138	0	0	Foxl1
Foxl1_371	5030	2697	2.63606110630716	1.41341089536986	1.86503522432332	5.99543770214342e-161	8.11633526599507e-161	Foxl1
Foxl1_372	6745	2895	3.53483740796059	1.51717632261615	2.32987910189983	0	0	Foxl1
Foxl1_373	18561	9001	9.72722270261772	4.717134397191	2.06210421064326	0	0	Foxl1
Foxl1_374	8314	3828	4.35709980871525	2.00613159342819	2.17189132706374	0	0	Foxl1
Foxl1_375	16539	8131	8.6675575819511	4.26119539868459	2.034067150412	0	0	Foxl1
Foxl1_376	7565	3857	3.96457301574824	2.02132956004507	1.96136893959036	8.94254271271606e-277	1.64008459710394e-276	Foxl1
Foxl1_377	9419	4315	4.93619474359982	2.2613526190289	2.18285052143685	0	0	Foxl1
Foxl1_378	17625	7618	9.23669522836255	3.99234860991012	2.31359936991336	0	0	Foxl1
Foxl1_379	15320	7565	8.02871891622776	3.96457301574824	2.02511566424323	0	0	Foxl1
Foxl1_380	40862	18762	21.4144590309986	9.83256033330713	2.17791280247308	0	0	Foxl1
Foxl1_381	38395	18214	20.121583732935	9.54537117102953	2.10799385088394	0	0	Foxl1
Gata6_382	16458	5896	8.62510808898671	3.08990383355606	2.79138398914518	0	0	Gata6
Gata2_383	21707	5955	11.375940046642	3.1208238346042	3.64517212426532	0	0	Gata2
Gata3_384	17567	4507	9.20629929512879	2.36197363938894	3.89771466607499	0	0	Gata3
Gata5_385	16941	4672	8.87823284332993	2.44844482876084	3.62607020547945	0	0	Gata5
Gata4_386	15623	3861	8.18751146398344	2.02342583130257	4.04636104636105	0	0	Gata4
Gata1_387	23601	6632	12.3685244870686	3.4756177449362	3.55865500603136	0	0	Gata1
Gcm1_388	1752	677	0.918166810785316	0.354793910331997	2.58788774002954	6.72215120624631e-110	8.42891016499537e-110	Gcm1
Tcfcp2_389	1560	871	0.817545790425281	0.456463066320782	1.7910447761194	2.07591466871885e-45	2.33177708659144e-45	Tcfcp2
Grhl1_390	3285	1552	1.72156277022247	0.81335324791028	2.11662371134021	5.82059880373531e-142	7.67971543657018e-142	Grhl1
Tcfcp2l1_391	15040	7446	7.88197992820271	3.90220894583759	2.01987644372818	0	0	Tcfcp2l1
Dux_392	9784	2541	5.12747949584676	1.33165631632733	3.8504525777253	0	0	Dux
Lhx2_393	3891	3053	2.03914786573383	1.59997903728742	1.27448411398624	1.67448571481515e-24	1.81402619104974e-24	Lhx2
Hoxb6_394	6235	4161	3.26756282262925	2.18064617561512	1.49843787551069	2.55140660427606e-95	3.10239812679511e-95	Hoxb6
Hoxa10_395	5981	3635	3.13444959777795	1.90498650525378	1.64539202200825	3.68843473388532e-131	4.8020269584015e-131	Hoxa10
Hoxa4_396	6363	4192	3.33464350286927	2.19689227786076	1.51789122137405	8.77935608750982e-103	1.08393167337412e-102	Hoxa4
Sebox_397	4739	4584	2.48355737232398	2.40232686109583	1.03381326352531	0.053176712571489	0.0549803671499371	Sebox
Meox1_398	4794	3558	2.51238110211461	1.86463328354689	1.34738617200675	5.95672951357768e-43	6.64028863808659e-43	Meox1
Nkx21_399	6410	3890	3.3592746901449	2.03862379791945	1.64781491002571	2.22728181173256e-141	2.92993619281485e-141	Nkx21
Irx2_400	6151	3482	3.22354112622173	1.82480412965438	1.76651349798966	2.68579611644138e-169	3.73308768385877e-169	Irx2
Dlx3_401	3504	3147	1.83633362157063	1.64924141183869	1.11344137273594	5.29535709576013e-06	5.53975819248752e-06	Dlx3
Mnx1_402	4944	4548	2.59099127427089	2.38346041977832	1.08707124010554	2.01070331655491e-05	2.1010185955491e-05	Mnx1
Hoxc13_403	8549	4421	4.48025574509342	2.31690380735267	1.93372540149287	6.71236690972754e-303	1.34247338194551e-302	Hoxc13
Hoxc11_404	7197	3383	3.77171606005817	1.77292141603123	2.12740171445463	1.96641210014446e-316	4.09978370517493e-316	Hoxc11
Hoxc8_405	5244	4046	2.74821161858344	2.12037837696198	1.29609490855166	1.19942232341337e-36	1.32536166737177e-36	Hoxc8
Hoxc6_406	6625	3154	3.47194927023557	1.65290988653932	2.1005072923272	5.3724872161072e-283	1.01263938145816e-282	Hoxc6
Evx2_407	4947	4791	2.59256347771402	2.51080889867149	1.03256105197245	0.0557862906833117	0.057611075892579	Evx2
Hoxd13_408	8668	4341	4.54261981500406	2.27497838220266	1.99677493665054	0	0	Hoxd13
Hoxd12_409	7560	3782	3.96195267667636	1.98202447396693	1.99894235854045	1.85687513680979e-289	3.59973162486811e-289	Hoxd12
Evx1_410	4852	4351	2.54277703534837	2.28021906034641	1.11514594346127	6.55732320892482e-08	6.90080204367802e-08	Evx1
Otx1_411	8604	6449	4.50907947488405	3.37971333490554	1.33416033493565	2.73777384168493e-72	3.23988229725499e-72	Otx1
Rhox6_412	3530	3053	1.84995938474439	1.59997903728742	1.15623976416639	1.60535392784365e-09	1.69956032600453e-09	Rhox6
Vax1_413	4260	4228	2.23252888923827	2.21575871917826	1.00756859035005	0.36682190478455	0.375313152580489	Vax1
Pknox1_414	13420	8711	7.03299006891492	4.56515473102219	1.54058087475606	3.50052515773971e-235	5.69882917024292e-235	Pknox1
Phox2a_415	3596	2785	1.88454786049315	1.45952886303488	1.29120287253142	6.60504133376855e-25	7.17304243126708e-25	Phox2a
Pou6f1_416	8273	5812	4.33561302832587	3.04588213714855	1.42343427391604	8.36916045488428e-100	1.02186986769582e-99	Pou6f1
Nanog_417	4096	2883	2.14658176768074	1.51088750884364	1.42074228234478	4.40631234786131e-49	4.97468724841557e-49	Nanog
Phox2b_418	3596	2982	1.88454786049315	1.56277022246679	1.20590207914152	1.17874934525976e-14	1.26765744672704e-14	Phox2b
Alx3_419	4493	5284	2.35463668998768	2.76917433115845	0.850302800908403	1	1	Alx3
Hoxa2_420	4306	4168	2.25663600869953	2.18431465031575	1.0331094049904	0.0661526648067639	0.0682368211075604	Hoxa2
Nkx25_421	7229	4462	3.78848623011818	2.33839058774205	1.62012550425818	1.71447922360744e-150	2.29288900706351e-150	Nkx25
Lhx1_422	6052	4648	3.17165841259859	2.43586720121584	1.30206540447504	1.75937784039754e-43	1.96375001377705e-43	Lhx1
Hoxb1_423	9085	4813	4.76115609359851	2.52233839058774	1.88759609391232	3.85728863319008e-303	7.73207063886629e-303	Hoxb1
Lhx9_424	3891	3053	2.03914786573383	1.59997903728742	1.27448411398624	1.67448571481515e-24	1.81402619104974e-24	Lhx9
Meis1_425	13001	9242	6.81340565469172	4.84343474045541	1.40673014499026	1.31104334141927e-149	1.7506983592366e-149	Meis1
Hnf1b_426	6356	3387	3.33097502816865	1.77501768728874	1.87658695010334	3.06596051752227e-207	4.60154345923546e-207	Hnf1b
Dlx4_427	3278	1837	1.71789429552184	0.962712575007206	1.78443113772455	7.33096941341964e-93	8.88968033122492e-93	Dlx4
Hoxb9_428	9966	5547	5.22285983806305	2.90700416633912	1.79664683612764	2.67698394315301e-291	5.22395983608667e-291	Hoxb9
Gsc_429	4410	4832	2.31113906139454	2.53229567906087	0.912665562913907	0.999995806020171	1	Gsc
Six6_430	6550	2441	3.43264418415743	1.27924953488981	2.68332650553052	0	0	Six6
Vsx2_431	3417	3650	1.79073972171999	1.91284752246941	0.936164383561644	0.997522169537332	1	Vsx2
Barx1_432	5096	3605	2.67064958205592	1.88926447082252	1.41359223300971	2.6182859155297e-59	3.01768546196644e-59	Barx1
Msx2_433	3838	3446	2.01137227157194	1.80593768833687	1.11375507835171	1.85743176276736e-06	1.94546170413074e-06	Msx2
Pitx1_434	9397	5931	4.92466525168357	3.10824620705919	1.58438711852976	2.87934143588954e-181	4.11866962674167e-181	Pitx1
Irx4_435	6609	3223	3.46356418520557	1.68907056573121	2.05057399937946	1.13015677216202e-267	2.02648800525604e-267	Irx4
Otp_436	3642	3007	1.90865497995441	1.57587191782617	1.21117392750249	2.08707591498002e-15	2.24722912161064e-15	Otp
Otx2_437	8000	5402	4.19254251500144	2.83101433325472	1.4809329877823	1.96265429853352e-116	2.48922008594496e-116	Otx2
Hmbox1_438	6047	2799	3.16903807352671	1.46686581243613	2.16041443372633	9.16121235577829e-274	1.65613736656605e-273	Hmbox1
Nkx31_439	7597	4235	3.98134318580824	2.21942719387889	1.79386068476978	1.87083083639152e-219	2.93229514072714e-219	Nkx31
Hoxc10_440	5257	2675	2.75502450017032	1.40188140345361	1.96523364485981	3.40839468054304e-192	4.98844519470207e-192	Hoxc10
Hoxc5_441	9004	6312	4.71870660063412	3.30791604433614	1.42648922686946	5.72705858540198e-110	7.19136333735135e-110	Hoxc5
Gsc2_442	5141	4001	2.6942326337028	2.0967953253151	1.28492876780805	7.33360214251647e-34	8.07335528516134e-34	Gsc2
Dlx2_443	3309	3403	1.73414039776747	1.78340277231874	0.972377314134587	0.878981515882403	0.894153809021916	Dlx2
Esx1_444	3915	3186	2.05172549327883	1.66968005659932	1.22881355932203	1.2949129012383e-18	1.39768376641594e-18	Esx1
Six2_445	4337	2283	2.27288211094516	1.19644682021854	1.89969338589575	1.56686805590044e-145	2.07352000211974e-145	Six2
Pou4f3_446	5340	2907	2.79852212876346	1.52346513638865	1.83694530443756	4.50496177490878e-164	6.15515642815975e-164	Pou4f3
Rax_447	3431	3421	1.79807667112124	1.79283599297749	1.00292312189418	0.456318002497518	0.466341172494573	Rax
Cdx1_448	6647	3873	3.48347876215182	2.02971464507507	1.71624064033049	1.12040905105835e-167	1.54998685623721e-167	Cdx1
Hhex_449	5409	3436	2.83468280795535	1.80069701019312	1.57421420256112	5.37349156901126e-101	6.60662941169117e-101	Hhex
Tlx1_450	6725	3976	3.52435605167309	2.08369362995572	1.69139839034205	6.05130216174891e-162	8.22977093997852e-162	Tlx1
Lbx1_451	3902	3270	2.04491261169195	1.71370175300684	1.19327217125382	2.60366208613346e-14	2.79324913124026e-14	Lbx1
Pitx3_452	9258	5733	4.85181982548542	3.00448077981291	1.61486132914704	1.57645158768698e-191	2.29964225002523e-191	Pitx3
Msx3_453	4306	3528	2.25663600869953	1.84891124911564	1.22052154195011	3.42662642262464e-19	3.70310239315426e-19	Msx3
Lhx4_454	4493	5284	2.35463668998768	2.76917433115845	0.850302800908403	1	1	Lhx4
Prrx1_455	3642	3235	1.90865497995441	1.69535937950371	1.1258114374034	3.86820175174581e-07	4.06598138946885e-07	Prrx1
Lmx1a_456	6060	3244	3.17585095511359	1.70007598983308	1.86806411837238	4.2998931691397e-195	6.33517593586583e-195	Lmx1a
Barhl1_457	4100	3082	2.14867803893824	1.61517700390431	1.33030499675535	3.45052262263379e-34	3.80331920001032e-34	Barhl1
Lhx6_458	4784	2918	2.50714042397086	1.52922988234678	1.63947909527073	1.59600333194403e-103	1.9732404831308e-103	Lhx6
Lhx3_459	6164	4843	3.23035400780861	2.538060425019	1.27276481519719	1.03326078330787e-37	1.14318214323424e-37	Lhx3
Hoxd8_460	6913	3589	3.62288080077562	1.88087938579252	1.92616327667874	2.14761098919357e-241	3.55522118810322e-241	Hoxd8
Meis2_461	13047	9613	6.83751277415297	5.03786389958861	1.35722459169874	5.30747507259109e-123	6.79972168720366e-123	Meis2
Nkx22_462	7845	4539	4.11131200377329	2.37874380944894	1.72835426305354	6.70065633114463e-203	1.00057097917768e-202	Nkx22
Shox2_463	4688	3364	2.45682991379084	1.76296412755811	1.3935790725327	9.78499986632423e-51	1.11039022873307e-50	Shox2
Pitx2_464	10260	6672	5.37693577548935	3.4965804575112	1.53776978417266	1.66971985903512e-176	2.36543646696642e-176	Pitx2
Lhx8_465	8010	2958	4.19778319314519	1.55019259492178	2.7079107505071	0	0	Lhx8
Dmbx1_466	8457	5367	4.4320415061709	2.81267195975159	1.5757406372275	2.41005520483796e-159	3.25265465813245e-159	Dmbx1
Pax7_467	3672	2789	1.92437701438566	1.46162513429238	1.31660093223378	7.51898927011821e-29	8.20590927751173e-29	Pax7
Nkx11_468	3763	3535	1.9720671854938	1.85257972381626	1.06449787835926	0.00364652362303064	0.0037834822567595	Nkx11
Uncx_469	1421	1258	0.744700364227131	0.659277310483977	1.12957074721781	0.000839603384832247	0.000875246924754371	Uncx
Hnf1a_470	6072	1846	3.18213976888609	0.967429185336583	3.28927410617551	0	0	Hnf1a
Lhx5_471	5991	4853	3.1396902759217	2.54330110316275	1.23449412734391	7.26178757142581e-29	7.93500644393129e-29	Lhx5
Pdx1_472	4127	3237	2.16282786992637	1.69640751513246	1.27494593759654	5.71817053038291e-26	6.22520042962868e-26	Pdx1
Cdx2_473	7115	3771	3.72874249927941	1.9762597280088	1.88676743569345	9.43405780414099e-236	1.53869134665325e-235	Cdx2
Cux1_474	6230	2939	3.26494248355737	1.54023530644865	2.1197686287853	3.96994630348158e-271	7.13299295178398e-271	Cux1
Pax4_475	2292	364	1.20116343054791	0.190760684432566	6.2967032967033	0	0	Pax4
Nobox_476	3739	1948	1.9594895579488	1.02088410240285	1.9194045174538	8.38872517438047e-129	1.08733622494902e-128	Nobox
Dlx6_477	3692	3206	1.93485837067317	1.68016141288683	1.15159076731129	1.86908574142672e-09	1.97640166916414e-09	Dlx6
Dlx5_478	4325	3705	2.26659329717265	1.94167125226004	1.16734143049933	1.42576627440184e-12	1.52403553394344e-12	Dlx5
Hoxa1_479	3904	4320	2.0459607473207	2.26397295810078	0.903703703703704	0.99999833679417	1	Hoxa1
Dbx1_480	7353	3822	3.8534706391007	2.00298718654194	1.92386185243328	2.7245217285873e-256	4.72250432955132e-256	Dbx1
Cdx4_481	6647	3873	3.48347876215182	2.02971464507507	1.71624064033049	1.12040905105835e-167	1.54998685623721e-167	Cdx4
Isx_482	4727	3681	2.47726855855148	1.92909362471504	1.28416191252377	4.21458026991743e-31	4.62244287668363e-31	Isx
Irx3_483	5800	1877	3.03959332337605	0.983675287582213	3.09003729355354	0	0	Irx3
Irx5_484	6860	3512	3.59510520661374	1.84052616408563	1.95330296127563	5.53107153611523e-248	9.33104434718676e-248	Irx5
Irx6_485	8178	5445	4.28582658596022	2.85354924927286	1.50192837465565	1.08812981373106e-126	1.40629642593312e-126	Irx6
Pbx4_486	10649	5130	5.58079815528129	2.68846788774467	2.07582846003899	0	0	Pbx4
Pou2f3_487	7254	4626	3.80158792547756	2.42433770929958	1.56809338521401	9.29351597844552e-134	1.21172096238139e-133	Pou2f3
Barx2_488	5258	3893	2.7555485679847	2.04019600136258	1.35062933470331	1.10047399348042e-47	1.23925988565184e-47	Barx2
Isl2_489	5260	5131	2.75659670361345	2.68899195555905	1.02514129799259	0.101483332385686	0.104315425382496	Isl2
Vsx1_490	4411	3371	2.31166312920892	1.76663260225873	1.30851379412637	4.81363972052651e-33	5.29260884694706e-33	Vsx1
Emx1_491	3516	3542	1.84262243534313	1.85624819851689	0.992659514398645	0.627179921816886	0.640215994094835	Emx1
Barhl2_492	4890	3504	2.56269161229463	1.83633362157063	1.39554794520548	2.80481871959648e-53	3.19930290080425e-53	Barhl2
Six4_493	6278	1913	3.29009773864738	1.00254172889972	3.28175640355463	0	0	Six4
Gbx2_494	4436	4217	2.3247648245683	2.20999397322013	1.05193265354517	0.00887784316301705	0.00918971118982093	Gbx2
Hdx_495	12285	7000	6.43817309959909	3.66847470062626	1.755	0	0	Hdx
Pbx2_496	10649	5130	5.58079815528129	2.68846788774467	2.07582846003899	0	0	Pbx2
Vax2_497	4198	4228	2.20003668474701	2.21575871917826	0.992904446546831	0.633637799646481	0.646062070227785	Vax2
Lbx2_498	3511	3053	1.84000209627126	1.59997903728742	1.15001637733377	6.27713729164517e-09	6.62961692450936e-09	Lbx2
Nkx61_499	5440	4104	2.85092891020098	2.15077431019574	1.32553606237817	5.42756278870917e-44	6.06569596108585e-44	Nkx61
Arx_500	3891	4364	2.03914786573383	2.28703194193329	0.891613198900092	0.999999933879298	1	Arx
Pknox2_501	13683	7138	7.17081990409559	3.74079605901004	1.91692350798543	0	0	Pknox2
Gsx2_502	4097	4315	2.14710583549511	2.2613526190289	0.949478563151796	0.99212484811554	1	Gsx2
Hoxc9_503	6526	4140	3.42006655661243	2.16964075151325	1.57632850241546	1.28924797089623e-122	1.64695839056686e-122	Hoxc9
Meox2_504	3117	3174	1.63351937740744	1.66339124282682	0.982041587901701	0.76954592143336	0.783731099708629	Meox2
Alx1_505	4836	3364	2.53439195031837	1.76296412755811	1.43757431629013	3.25690003223698e-61	3.76845501112237e-61	Alx1
Hoxa13_506	8668	4150	4.54261981500406	2.174881429657	2.08867469879518	0	0	Hoxa13
Hoxa11_507	9098	5124	4.76796897518539	2.68532348085842	1.77556596409055	3.13214278043109e-256	5.418423127008e-256	Hoxa11
Hoxa9_508	6201	3682	3.24974451694049	1.92961769252941	1.68413905486149	4.27926967335619e-147	5.69709998681758e-147	Hoxa9
Hoxa7_509	4483	3802	2.34939601184393	1.99250583025443	1.17911625460284	2.05845917610644e-14	2.21103026935369e-14	Hoxa7
Hoxa5_510	5219	4675	2.73510992322407	2.45001703220397	1.11636363636364	1.57858279751574e-08	1.66523531384716e-08	Hoxa5
Hoxb4_511	6900	4338	3.61606791918874	2.27340617875953	1.59059474412171	3.26328278886116e-134	4.26106644808459e-134	Hoxb4
Hoxb5_512	5790	4318	3.03435264523229	2.26292482247203	1.34089856415007	3.25443310087925e-50	3.68835751432981e-50	Hoxb5
Pbx3_513	12692	6164	6.65146870004979	3.23035400780861	2.0590525632706	0	0	Pbx3
Hoxb7_514	6356	4981	3.33097502816865	2.61038178340277	1.27604898614736	1.33321180628065e-39	1.47874433720464e-39	Hoxb7
Lmx1b_515	6565	6265	3.44050520137306	3.2832848570605	1.04788507581804	0.00362275319735357	0.00376766332524771	Lmx1b
Six3_516	4924	2186	2.58050991798339	1.14561224222414	2.25251601097896	8.67491934583927e-242	1.44147156047404e-241	Six3
En2_517	2475	3235	1.29706784057857	1.69535937950371	0.765069551777434	1	1	En2
Hlx_518	6565	6265	3.44050520137306	3.2832848570605	1.04788507581804	0.00362275319735357	0.00376766332524771	Hlx
Prrx2_519	3543	4238	1.85677226633126	2.22099939732201	0.836007550731477	0.999999999999999	1	Prrx2
Hmx3_520	5890	3206	3.08675942666981	1.68016141288683	1.83718028696195	3.30191637916305e-181	4.707893676097e-181	Hmx3
Alx4_521	4688	3364	2.45682991379084	1.76296412755811	1.3935790725327	9.78499986632423e-51	1.11039022873307e-50	Alx4
Tlx3_522	6725	3976	3.52435605167309	2.08369362995572	1.69139839034205	6.05130216174891e-162	8.22977093997852e-162	Tlx3
Hesx1_523	5557	3364	2.91224484448288	1.76296412755811	1.65190249702735	1.85302926304396e-123	2.37747150730169e-123	Hesx1
ENSMUSG00000040953_524	7455	4311	3.90692555616697	2.2592563477714	1.72929714683368	6.13442479624594e-193	9.00802578053391e-193	ENSMUSG00000040953
Meis3_525	13550	9242	7.10111888478369	4.84343474045541	1.4661328716728	1.2711639896872e-191	1.85737019319584e-191	Meis3
Crx_526	8000	4853	4.19254251500144	2.54330110316275	1.64846486709252	2.50523075423166e-177	3.55477365447959e-177	Crx
Obox6_527	7455	4311	3.90692555616697	2.2592563477714	1.72929714683368	6.13442479624594e-193	9.00802578053391e-193	Obox6
Dlx1_528	3321	2810	1.74042921153997	1.47263055839426	1.18185053380783	2.51646962554563e-11	2.68342478767471e-11	Dlx1
Isl1_529	5260	5131	2.75659670361345	2.68899195555905	1.02514129799259	0.101483332385686	0.104315425382496	Isl1
Hoxd1_530	3682	3235	1.92961769252941	1.69535937950371	1.13817619783617	3.08752121249846e-08	3.25312127753116e-08	Hoxd1
Hoxd4_531	5864	2683	3.07313366349606	1.40607394596861	2.18561311964219	9.39169792369504e-272	1.69433897235641e-271	Hoxd4
Hoxd11_532	5004	2166	2.6224353431334	1.13513088593664	2.31024930747922	7.12941269624921e-258	1.23819269616587e-257	Hoxd11
Hoxa6_533	5691	3982	2.98246993160915	2.08683803684197	1.42918131592165	6.56829063866533e-70	7.74182523277354e-70	Hoxa6
Hoxd9_534	9309	5397	4.87854728401855	2.82839399418285	1.7248471372985	2.70666981464475e-240	4.47232918905786e-240	Hoxd9
Emx2_535	3476	3414	1.82165972276813	1.78916751827686	1.01816051552431	0.229162559078786	0.234738936530298	Emx2
Nkx26_536	7393	4325	3.87443335167571	2.26659329717265	1.70936416184971	1.82041886903871e-184	2.6294939219448e-184	Nkx26
Nkx23_537	7423	4071	3.89015538610696	2.13348007232136	1.82338491771064	1.79478777348091e-224	2.83826903713261e-224	Nkx23
Gm4830_538	9415	6444	4.93409847234232	3.37709299583366	1.46104903786468	3.06542227384859e-129	3.98504895600317e-129	Gm4830
Prop1_539	4493	6265	2.35463668998768	3.2832848570605	0.717158818834796	1	1	Prop1
Pou3f3_540	5759	4069	3.01810654298666	2.13243193669261	1.41533546325879	2.24983440841194e-67	2.64123986326183e-67	Pou3f3
Dbx2_541	4325	3705	2.26659329717265	1.94167125226004	1.16734143049933	1.42576627440184e-12	1.52403553394344e-12	Dbx2
Tgif1_542	11903	6234	6.23797919450777	3.26703875481487	1.90936798203401	0	0	Tgif1
Msx1_543	5260	5131	2.75659670361345	2.68899195555905	1.02514129799259	0.101483332385686	0.104315425382496	Msx1
Duxbl_544	10577	4109	5.54306527264628	2.15339464926762	2.57410562180579	0	0	Duxbl
Nkx12_545	3575	3174	1.87354243639127	1.66339124282682	1.12633900441084	4.46196458338631e-07	4.68453288802079e-07	Nkx12
Hoxb3_546	5522	4252	2.89390247097974	2.22833634672327	1.29868297271872	4.63065505720275e-39	5.12969808341759e-39	Hoxb3
Hoxb13_547	8632	4155	4.52375337368655	2.17750176872887	2.07749699157641	0	0	Hoxb13
Nkx32_548	7711	3728	4.04108691664701	1.95372481199067	2.06840128755365	2.10471965128371e-319	4.45113621651296e-319	Nkx32
Hmx2_549	5280	3756	2.76707805990095	1.96839871079318	1.40575079872204	1.06949338202818e-59	1.23424562625706e-59	Hmx2
Hoxc12_550	7239	3802	3.79372690826193	1.99250583025443	1.90399789584429	1.16390253827553e-245	1.94130159214257e-245	Hoxc12
Hoxd10_551	6104	2253	3.1989099389461	1.18072478578728	2.7092765201953	0	0	Hoxd10
Rhox11_552	7376	4996	3.86552419883133	2.6182428006184	1.47638110488391	9.50172148887473e-106	1.18469983020667e-105	Rhox11
Six1_553	4210	1715	2.20632549851951	0.898776301653434	2.45481049562682	1.86931006227899e-241	3.10031912768222e-241	Six1
Pbx1_554	5646	4162	2.95888687996227	2.1811702434295	1.35655934646804	1.79701552407912e-52	2.04711562279116e-52	Pbx1
Pou3f2_555	7308	3751	3.82988758745382	1.9657783717213	1.94828045854439	7.89856748693122e-263	1.39646673168944e-262	Pou3f2
Gsx1_556	5129	5003	2.6879438199303	2.62191127531903	1.02518488906656	0.104077115290482	0.106857340205326	Gsx1
Nkx24_557	8659	4861	4.53790320467469	2.54749364567775	1.78132071590208	7.45063456858095e-246	1.24741684822454e-245	Nkx24
Obox1_558	9741	6269	5.10494457982863	3.285381128318	1.5538363375339	1.92712705369466e-174	2.72572850474572e-174	Obox1
Bsx_559	4664	4044	2.44425228624584	2.11933024133323	1.15331355093966	9.53107421930405e-12	1.01756879346193e-11	Bsx
Hoxb8_560	5980	3906	3.13392552996358	2.04700888294945	1.53097798259089	4.67066721364684e-100	5.7107466346664e-100	Hoxb8
Pou3f4_561	8791	5196	4.60708015617221	2.72305636349344	1.69187836797537	4.78732890933163e-213	7.33448657859474e-213	Pou3f4
Homez_562	594	223	0.311296281738857	0.116867122605665	2.66367713004484	4.60342669532298e-40	5.11877886624593e-40	Homez
En1_563	4493	5284	2.35463668998768	2.76917433115845	0.850302800908403	1	1	En1
Nkx29_564	8566	4954	4.48916489793779	2.59623195241464	1.72910779168349	2.61675981032786e-222	4.12337909506209e-222	Nkx29
Irx1_565	8955	4842	4.69302727772974	2.53753635720462	1.84944237918216	7.2558216651286e-283	1.36471198978164e-282	Irx1
Tgif2_566	11892	7349	6.23221444854964	3.8513743678432	1.61817934412845	4.78601163938885e-250	8.10504653107231e-250	Tgif2
Nkx63_567	5774	4105	3.02596756020229	2.15129837801011	1.40657734470158	1.97060779618931e-65	2.3073076712998e-65	Nkx63
Rhox8_568	5341	2545	2.79904619657784	1.33375258758483	2.09862475442043	5.04002176442147e-227	8.04220079377e-227	Rhox8
Obox3_569	10309	6662	5.40261509839373	3.49133977936745	1.54743320324227	6.36438026091431e-182	9.14814983845245e-182	Obox3
Hmx1_570	4985	3637	2.61247805466027	1.90603464088253	1.3706351388507	3.10502390866753e-49	3.51002702718938e-49	Hmx1
Gbx1_571	3596	2785	1.88454786049315	1.45952886303488	1.29120287253142	6.60504133376855e-25	7.17304243126708e-25	Gbx1
Rhox9_572	3530	3053	1.84995938474439	1.59997903728742	1.15623976416639	1.60535392784365e-09	1.69956032600453e-09	Rhox9
Noto_573	2708	3053	1.41917564132799	1.59997903728742	0.886996396986571	0.999997832657348	1	Noto
Tlx2_574	6755	3263	3.54007808610434	1.71003327830621	2.07018081520074	1.38929065079293e-279	2.60750092420584e-279	Tlx2
Gm10391_575	10577	4109	5.54306527264628	2.15339464926762	2.57410562180579	0	0	Gm10391
Gm10394_576	10577	4109	5.54306527264628	2.15339464926762	2.57410562180579	0	0	Gm10394
Cphx_577	10759	4951	5.63844561486256	2.59465974897152	2.17309634417289	0	0	Cphx
Obox5_578	7587	6259	3.97610250766449	3.28014045017425	1.21217446876498	6.89643261742582e-31	7.54510697253023e-31	Obox5
AC1890281_579	9856	6259	5.16521237848178	3.28014045017425	1.57469244288225	5.42698509507832e-186	7.8518082226665e-186	AC1890281
Gm5889_580	10309	6662	5.40261509839373	3.49133977936745	1.54743320324227	6.36438026091431e-182	9.14814983845245e-182	Gm5889
Hoxc4_581	6684	4349	3.5028692712837	2.27917092471766	1.53690503564038	1.05665108435107e-113	1.33822286327556e-113	Hoxc4
Hoxb2_582	5447	4288	2.85459738490161	2.24720278804077	1.27028917910448	5.72153416718824e-33	6.28302634011727e-33	Hoxb2
Hoxd3_583	4885	3679	2.56007127322275	1.92804548908629	1.32780646914923	4.94271903620743e-40	5.48915028644142e-40	Hoxd3
Hoxa3_584	6754	5716	3.53955401828997	2.99557162696853	1.1815955213436	1.74142060725832e-21	1.88422988594413e-21	Hoxa3
NP_585	4784	2918	2.50714042397086	1.52922988234678	1.63947909527073	1.59600333194403e-103	1.9732404831308e-103	NP
NP_586	2965	3125	1.55386106962241	1.63771191992244	0.9488	0.981229805708668	0.997019710628118	NP
NP_587	4346	2798	2.27759872127453	1.46634174462175	1.55325232308792	4.19264146779003e-77	4.9950068160733e-77	NP
NP_588	3967	2027	2.07897701962634	1.06228545973849	1.9570794277257	2.18107743695361e-143	2.88202160578026e-143	NP
NP_589	6091	4032	3.19209705735922	2.11304142756073	1.51066468253968	2.08448372283953e-96	2.54163256688295e-96	NP
NP_590	5890	3206	3.08675942666981	1.68016141288683	1.83718028696195	3.30191637916305e-181	4.707893676097e-181	NP
NP_591	9966	5547	5.22285983806305	2.90700416633912	1.79664683612764	2.67698394315301e-291	5.22395983608667e-291	NP
NP_592	5980	3906	3.13392552996358	2.04700888294945	1.53097798259089	4.67066721364684e-100	5.7107466346664e-100	NP
NP_593	5129	2167	2.6879438199303	1.13565495375102	2.36686663590217	2.21614753197566e-276	4.04767441790596e-276	NP
NP_594	6526	4140	3.42006655661243	2.16964075151325	1.57632850241546	1.28924797089623e-122	1.64695839056686e-122	NP
NP_595	7833	4416	4.10502319000079	2.3142834682808	1.77377717391304	4.06712794215998e-219	6.36343557676004e-219	NP
NP_596	7038	3946	3.68838927757252	2.06797159552446	1.78357830714648	1.17172268931321e-199	1.74084513840819e-199	NP
NP_597	4430	2477	2.32162041768205	1.29811597620732	1.78845377472749	3.78786137840824e-126	4.88115081415873e-126	NP
NP_598	4863	4524	2.5485417813065	2.37088279223331	1.07493368700265	0.000205690769838022	0.000214676080917132	NP
NP_599	7953	3941	4.16791132772581	2.06535125645258	2.0180157320477	1.05586618191558e-311	2.15562518432665e-311	NP
NP_600	8269	4324	4.33351675706836	2.26606922935828	1.91234967622572	1.26750804453178e-284	2.40962819648622e-284	NP
NP_601	13860	7458	7.26357990724	3.90849775961009	1.85840707964602	0	0	NP
NP_602	9326	5369	4.88745643686293	2.81372009538034	1.73700875395791	4.79584179172071e-246	8.04463784417667e-246	NP
NP_603	3676	1134	1.92647328564316	0.594292901501454	3.24162257495591	3.02319449132288e-313	6.22961289119432e-313	NP
NP_604	8880	4061	4.6537221916516	2.12823939417761	2.18665353361241	0	0	NP
NP_605	7239	3802	3.79372690826193	1.99250583025443	1.90399789584429	1.16390253827553e-245	1.94130159214257e-245	NP
NP_606	5440	4104	2.85092891020098	2.15077431019574	1.32553606237817	5.42756278870917e-44	6.06569596108585e-44	NP
NP_607	12457	7339	6.52831276367162	3.84613368969945	1.6973702139256	6.48224304269159e-309	1.31128211664516e-308	NP
NP_608	7587	6259	3.97610250766449	3.28014045017425	1.21217446876498	6.89643261742582e-31	7.54510697253023e-31	NP
Q8VHG7_609	9856	6259	5.16521237848178	3.28014045017425	1.57469244288225	5.42698509507832e-186	7.8518082226665e-186	Q8VHG7
Nkx11_610	3763	3535	1.9720671854938	1.85257972381626	1.06449787835926	0.00364652362303064	0.0037834822567595	Nkx11
Dobox4_611	7087	3888	3.7140686004769	2.0375756622907	1.82278806584362	6.31982577371386e-214	9.73297209749661e-214	Dobox4
Pax2_612	3601	1309	1.88716819956502	0.686004769017111	2.75095492742552	4.74979675639717e-247	7.98254816094125e-247	Pax2
Pax3_613	2278	840	1.19382648114666	0.440216964075151	2.71190476190476	4.09370495287612e-153	5.50812051498096e-153	Pax3
Pax6_614	5725	3364	3.00028823729791	1.76296412755811	1.70184304399524	2.25604219806517e-140	2.96336003430848e-140	Pax6
Pou1f1_615	6959	5231	3.64698792023688	2.74139873699657	1.33033836742497	2.16869793824459e-57	2.49626168933362e-57	Pou1f1
Pou2f2_616	6784	3000	3.55527605272122	1.57220344312554	2.26133333333333	0	0	Pou2f2
Pou6f2_617	7004	5114	3.67057097188376	2.68008280271467	1.36957371920219	1.14114536916672e-68	1.34323902309372e-68	Pou6f2
Pou5f1_618	14460	12507	7.57802059586511	6.55451615439038	1.15615255456944	2.92092657870696e-35	3.22359437650056e-35	Pou5f1
Pou2f1_619	6396	4154	3.35193774074365	2.1769777009145	1.53972075108329	1.43456575667395e-109	1.79625514008467e-109	Pou2f1
Pou3f1_620	6861	4896	3.59562927442811	2.56583601918088	1.40134803921569	3.10755215077844e-76	3.69230658775288e-76	Pou3f1
Pit1_621	9103	4865	4.77058931425726	2.54958991693525	1.87112024665981	8.01529393263448e-297	1.57806677871913e-296	Pit1
Pit1_622	8072	5757	4.23027539763645	3.01705840735791	1.40211915928435	4.57273817457e-90	5.5147347153068e-90	Pit1
Pit1_623	11909	8405	6.24112360139402	4.40478997982339	1.41689470553242	9.85370207805822e-142	1.29816283710931e-141	Pit1
Pit1_624	10050	5863	5.26688153447056	3.07260959568168	1.71413951901757	5.21637020542194e-255	8.98883286860232e-255	Pit1
Hsf2_625	4606	2434	2.41385635301208	1.27558106018919	1.8923582580115	4.73837650978268e-153	6.36584321375059e-153	Hsf2
Hsf1_626	16052	7869	8.41233655635039	4.12388963131829	2.03990341847757	0	0	Hsf1
Hsf4_627	9732	4508	5.10022796949925	2.36249770720331	2.15882874889086	0	0	Hsf4
Hsfy2_628	1613	808	0.845321384587166	0.423446794015146	1.99628712871287	8.3122546574384e-62	9.63044969485655e-62	Hsfy2
Irf9_629	3837	1495	2.01084820375757	0.783481382490894	2.56655518394649	9.01209571499803e-237	1.47258643476123e-236	Irf9
Irf3_630	12726	6199	6.66928700573854	3.24869638131174	2.05291175996128	0	0	Irf3
Irf1_631	39792	20228	20.8537064696172	10.6008437491811	1.96717421396085	0	0	Irf1
Irf4_632	3432	1268	1.79860073893562	0.664517988627728	2.70662460567823	7.67589128651118e-230	1.23372507223198e-229	Irf4
Irf7_633	16624	7642	8.712103346173	4.00492623745513	2.17534676786182	0	0	Irf7
Irf6_634	2369	656	1.2415166522548	0.343788486230118	3.61128048780488	1.11768655282235e-227	1.78668157811024e-227	Irf6
Irf5_635	2531	947	1.32641563818358	0.496292220213296	2.67265047518479	2.34459585995842e-166	3.23342081154953e-166	Irf5
Irf2_636	9643	4002	5.05358593401986	2.09731939312947	2.40954522738631	0	0	Irf2
Naif1_637	1091	364	0.571757985483321	0.190760684432566	2.99725274725275	5.19867896942832e-85	6.23559322791674e-85	Naif1
Mef2c_638	17580	8867	9.21311217671567	4.64690931006472	1.98263223187098	0	0	Mef2c
Srf_639	2990	1544	1.56696276498179	0.809160705395278	1.93652849740933	1.97599456827517e-105	2.46025239204965e-105	Srf
Mef2a_640	13538	7017	7.09483007101119	3.67738385347064	1.92931452187545	0	0	Mef2a
Mbd2_641	8324	2657	4.362340486859	1.39244818279485	3.13285660519383	0	0	Mbd2
Mecp2_642	9620	4158	5.04153237428923	2.179073972172	2.31361231361231	0	0	Mecp2
Mybl2_643	1172	500	0.614207478447711	0.26203390718759	2.344	9.36645515163957e-63	1.08660713307735e-62	Mybl2
Myb_644	1234	509	0.646699682938972	0.266750517516967	2.42436149312377	5.44250118457828e-70	6.42345934201229e-70	Myb
Cdc5l_645	6618	3554	3.46828079553494	1.86253701228939	1.86212718064153	1.59736871435241e-211	2.43461024739229e-211	Cdc5l
Smarcc2_646	13015	6644	6.82074260409297	3.4819065587087	1.95891029500301	0	0	Smarcc2
Mybl1_647	1361	508	0.71325629536462	0.266226449702592	2.67913385826772	2.26984937781553e-90	2.74118422129635e-90	Mybl1
Terf2_648	6929	3143	3.63126588580562	1.64714514058119	2.20458160992682	0	0	Terf2
Mypop_649	1848	521	0.968477320965333	0.273039331289469	3.54702495201535	1.98950988599363e-174	2.80946763453413e-174	Mypop
Prdm11_650	1760	616	0.922359353300317	0.322825773655111	2.85714285714286	9.73581759655572e-128	1.26009703592317e-127	Prdm11
Gm239_651	1038	2853	0.543982391321437	1.49516547441239	0.363827549947424	1	1	Gm239
Gm98_652	4073	2947	2.13452820795011	1.54442784896366	1.38208347472005	2.59705110029852e-42	2.89142716960188e-42	Gm98
Pparg_653	9382	4783	4.91680423446794	2.50661635615649	1.96153042023834	0	0	Pparg
Rarg_654	13641	6412	7.14880905589183	3.36032282577366	2.12741734248284	0	0	Rarg
Nr1h3_655	13202	6003	6.91874328538113	3.14597908969421	2.1992337164751	0	0	Nr1h3
Ppard_656	17752	8617	9.3032518407882	4.51589235647093	2.06011372867587	0	0	Ppard
Nr2f6_657	13610	6661	7.1325629536462	3.49081571155307	2.04323675123855	0	0	Nr2f6
Nr1i3_658	12644	6364	6.62631344495978	3.33516757068365	1.98680075424261	0	0	Nr1i3
Nr2c2_659	9302	3560	4.87487880931793	1.86568141917564	2.61292134831461	0	0	Nr2c2
Nr2c1_660	13807	6515	7.23580431307811	3.4143018106543	2.11926323867997	0	0	Nr2c1
Rxrg_661	9360	4486	4.90527474255169	2.35096821528706	2.08649130628622	0	0	Rxrg
Rxra_662	10562	5775	5.53520425543065	3.02649162801667	1.82891774891775	0	0	Rxra
Rarb_663	14602	6613	7.65243822550638	3.46566045646307	2.20807500378043	0	0	Rarb
Hnf4g_664	21354	10481	11.1909441081676	5.49275476246626	2.03740101135388	0	0	Hnf4g
Hnf4a_665	8715	5447	4.5672510022797	2.85459738490161	1.59996328254085	5.11068738503175e-174	7.20549864173535e-174	Hnf4a
Esr1_666	10189	5049	5.33972696066871	2.64601839478028	2.01802337096455	0	0	Esr1
Nr2e1_667	13929	5299	7.29974058643188	2.77703534837408	2.6286091715418	0	0	Nr2e1
Esr2_668	16332	7256	8.55907554437544	3.80263606110631	2.25082690187431	0	0	Esr2
Esrrb_669	15283	7528	8.00932840709588	3.94518250661636	2.03015409139214	0	0	Esrrb
Ppara_670	12904	5875	6.76257107669732	3.07889840945418	2.19642553191489	0	0	Ppara
Vdr_671	7745	4004	4.05890522233577	2.09836752875822	1.93431568431568	5.87890771891406e-274	1.06494967695082e-273	Vdr
Nr1i2_672	12345	6058	6.4696171684616	3.17480281948484	2.03780125453945	0	0	Nr1i2
Nr3c1_673	15509	7688	8.12776773314467	4.02903335691639	2.01729968782518	0	0	Nr3c1
Esrra_674	12580	6447	6.59277310483977	3.37866519927679	1.95129517605088	0	0	Esrra
Nr5a2_675	10836	5920	5.67879883656945	3.10248146110107	1.83040540540541	0	0	Nr5a2
Esrrg_676	15248	7520	7.99098603359275	3.94098996410135	2.02765957446809	0	0	Esrrg
Nr4a2_677	10759	5242	5.63844561486256	2.74716348295469	2.05246089278901	0	0	Nr4a2
Rorc_678	10435	4888	5.468647643005	2.56164347666588	2.13481996726678	0	0	Rorc
Nr4a3_679	17232	8938	9.0307365773131	4.68411812488536	1.92794808682032	0	0	Nr4a3
Nr2f2_680	10608	4593	5.55931137489191	2.4070434714252	2.30960156760287	0	0	Nr2f2
Nr3c2_681	7946	3747	4.16424285302518	1.9636821004638	2.1206298372031	0	0	Nr3c2
Rora_682	7206	3254	3.77643267038755	1.70531666797684	2.21450522433927	0	0	Rora
Nr2e3_683	10799	6005	5.65940832743757	3.14702722532296	1.79833472106578	2.10542715328855e-317	4.42089692865924e-317	Nr2e3
Rorb_684	7001	3143	3.66899876844064	1.64714514058119	2.22748965956093	0	0	Rorb
Rara_685	12554	6200	6.57914734166601	3.24922044912612	2.02483870967742	0	0	Rara
Rxrb_686	11087	5170	5.81033985797762	2.70943060031968	2.14448742746615	0	0	Rxrb
Ar_687	12586	5956	6.59591751172602	3.12134790241857	2.11316319677636	0	0	Ar
Nr1h2_688	13202	6003	6.91874328538113	3.14597908969421	2.1992337164751	0	0	Nr1h2
Nr6a1_689	14846	6841	7.78031077221392	3.58514791814061	2.17015056278322	0	0	Nr6a1
Nr2f1_690	10608	4991	5.55931137489191	2.61562246154652	2.12542576637948	0	0	Nr2f1
Trp73_691	5577	2782	2.92272620077038	1.45795665959175	2.00467289719626	6.61434070556687e-214	1.01688298847324e-213	Trp73
Trp53_692	10741	5327	5.62901239420381	2.79170924717658	2.01633189412427	0	0	Trp53
Pax9_693	3886	2156	2.03652752666195	1.12989020779289	1.80241187384045	3.67302363737952e-113	4.63188715469828e-113	Pax9
Pax5_694	9426	4733	4.93986321830045	2.48041296543773	1.99154870061272	0	0	Pax5
Lcor_695	7268	3953	3.80892487487881	2.07164007022509	1.83860359220845	8.38815655487691e-225	1.33126218931978e-224	Lcor
Nfat5_696	13301	7076	6.97062599900427	3.70830385451877	1.87973431317128	0	0	Nfat5
Rel_697	9466	5074	4.96082593087545	2.65912009013966	1.8655892786756	1.35098596817688e-306	2.72043643705777e-306	Rel
Rela_698	13881	8219	7.27458533134188	4.30731336634961	1.68889159265117	0	0	Rela
Nfkb2_699	4863	3076	2.5485417813065	1.61203259701805	1.58094928478544	2.76266677804103e-92	3.34089935949147e-92	Nfkb2
Nfatc2_700	13189	6994	6.91193040379425	3.66533029374001	1.88575922219045	0	0	Nfatc2
Nfkb1_701	11712	7007	6.13788224196211	3.67214317532689	1.6714713857571	2.25022028280545e-275	4.10143243298973e-275	Nfkb1
Nfatc3_702	11255	5837	5.89838325079265	3.05898383250793	1.9282165495974	0	0	Nfatc3
Nfatc1_703	10699	5981	5.60700154600005	3.13444959777795	1.78883129911386	1.37454791307733e-309	2.78692742009256e-309	Nfatc1
Rfx5_704	17421	10693	9.12978539423001	5.6038571391138	1.62919667071916	0	0	Rfx5
Rfx6_705	12845	8605	6.73165107564919	4.50960354269843	1.49273678094131	1.51680184053447e-196	2.23848552092233e-196	Rfx6
Rfx4_706	12566	8447	6.58543615543851	4.42680082802715	1.48762874393276	3.47966831099417e-189	5.0592545837481e-189	Rfx4
Rfx2_707	7008	4922	3.67266724314126	2.57946178235464	1.4238114587566	1.67352738660574e-84	2.00189202944449e-84	Rfx2
Rfx1_708	12774	10230	6.69444226082855	5.36121374105809	1.24868035190616	1.89144620546783e-67	2.22345537983186e-67	Rfx1
Rfx7_709	11564	7440	6.06032020543458	3.89906453895134	1.55430107526882	1.38661372909706e-208	2.09175176880853e-208	Rfx7
Rfx3_710	8432	5538	4.41893981081152	2.90228755600975	1.52257132538823	1.66242288277244e-138	2.18038846939293e-138	Rfx3
Rfx8_711	7008	4922	3.67266724314126	2.57946178235464	1.4238114587566	1.67352738660574e-84	2.00189202944449e-84	Rfx8
Runx1_712	20351	12134	10.6653040903493	6.35903885962844	1.67718806658975	0	0	Runx1
Runx2_713	23874	12245	12.5115950003931	6.41721038702408	1.94969375255206	0	0	Runx2
Sp100_714	2051	486	1.07486308728349	0.254696957786338	4.2201646090535	3.30757285382854e-229	5.30652341703163e-229	Sp100
Gmeb1_715	1697	517	0.889343080994681	0.270943060031968	3.28239845261122	5.762922279448e-147	7.66078690982261e-147	Gmeb1
Gmeb2_716	1735	441	0.909257657940938	0.231113906139454	3.93424036281179	6.59790971121867e-182	9.46842887129433e-182	Gmeb2
Sp140_717	1368	464	0.716924770065246	0.243167465870084	2.94827586206897	6.39073207622849e-104	7.92343219549227e-104	Sp140
Sp110_718	15098	9175	7.91237586143647	4.80832219689228	1.64555858310627	0	0	Sp110
AC1689771_719	15098	9175	7.91237586143647	4.80832219689228	1.64555858310627	0	0	AC1689771
IRC900814_720	1368	464	0.716924770065246	0.243167465870084	2.94827586206897	6.39073207622849e-104	7.92343219549227e-104	IRC900814
IRC900814_721	913	278	0.478473914524539	0.1456908523963	3.2841726618705	7.82307551806094e-80	9.33279184610779e-80	IRC900814
Nfix_722	9313	6482	4.88064355527605	3.39700757277992	1.43674791730947	6.06186460519846e-118	7.69926481464862e-118	Nfix
Smad3_723	13495	7845	7.07229515499306	4.11131200377329	1.7202039515615	0	0	Smad3
Nfic_724	36506	23919	19.1316196315803	12.5351780520399	1.52623437434675	0	0	Nfic
Sox9_725	14259	5873	7.47268296517569	3.07785027382543	2.42789034564958	0	0	Sox9
Tcf7_726	14590	7960	7.64614941173388	4.17157980242643	1.83291457286432	0	0	Tcf7
Hbp1_727	9728	5723	5.09813169824175	2.99924010166916	1.6998077931155	4.69180695417007e-240	7.73798012590736e-240	Hbp1
Cic_728	13668	7768	7.16295888687996	4.0709587820664	1.75952626158599	0	0	Cic
Hmg20b_729	9472	5393	4.96397033776171	2.82629772292535	1.7563508251437	1.4029170073932e-258	2.44611170519839e-258	Hmg20b
Bbx_730	2423	1452	1.26981631423106	0.760946466472762	1.66873278236915	3.73580859339046e-56	4.28890233319113e-56	Bbx
Sox8_731	16253	5668	8.5176741870398	2.97041637187852	2.86750176429076	0	0	Sox8
Tcf7l2_732	12711	8494	6.66142598852291	4.45143201530278	1.49646809512597	1.51183329184246e-196	2.23488399663668e-196	Tcf7l2
Sox17_733	7759	3775	4.06624217173702	1.97835599926631	2.0553642384106	6.38682168245065e-317	1.33474003172198e-316	Sox17
Lef1_734	13581	8608	7.11736498702932	4.51117574614155	1.57771840148699	1.37708792045745e-261	2.42499147745894e-261	Lef1
Sox10_735	14812	5338	7.76249246652517	2.79747399313471	2.77482203072312	0	0	Sox10
Sox30_736	16307	6910	8.54597384901606	3.62130859733249	2.35991316931983	0	0	Sox30
Sox15_737	15530	5970	8.13877315724655	3.12868485181983	2.60134003350084	0	0	Sox15
Sox5_738	20075	4519	10.5206613735817	2.36826245316144	4.44235450320867	0	0	Sox5
Sox3_739	12232	4162	6.4103975054372	2.1811702434295	2.93897164824604	0	0	Sox3
Sox18_740	12183	4513	6.38471818253282	2.36511804627519	2.69953467759805	0	0	Sox18
Sox12_741	20081	7156	10.523805780468	3.75022927966879	2.80617663499162	0	0	Sox12
Sox6_742	12960	5277	6.79191887430233	2.76550585645783	2.45594087549744	0	0	Sox6
Sox14_743	13628	3236	7.14199617430496	1.69588344731808	4.21137206427689	0	0	Sox14
Tcf7l1_744	8670	5735	4.54366795063281	3.00552891544166	1.51176983435048	2.72117545340511e-138	3.56373200120018e-138	Tcf7l1
Sox21_745	17100	6859	8.96155962581558	3.59458113879936	2.49307479224377	0	0	Sox21
Sox7_746	19498	4513	10.2182742446873	2.36511804627519	4.32040771105695	0	0	Sox7
Sox11_747	16333	6894	8.55959961218982	3.61292351230249	2.36916158978822	0	0	Sox11
Sry_748	16930	7363	8.8724680973718	3.85871131724445	2.29933451038979	0	0	Sry
Sox13_749	11063	2744	5.79776223043262	1.43804208264549	4.0317055393586	0	0	Sox13
Sox2_750	20843	13226	10.9231454550219	6.93132091292613	1.57591108422804	0	0	Sox2
Sox4_751	32236	15022	16.8938500641983	7.87254670754396	2.14591931833311	0	0	Sox4
ENSMUSG00000079994_752	10571	5878	5.53992086576003	3.08047061289731	1.79840081660429	1.72942196662687e-310	3.51450349080035e-310	ENSMUSG00000079994
Stat6_753	14807	8013	7.75987212745329	4.19935539658832	1.84787220766255	0	0	Stat6
Stat3_754	18549	9909	9.72093388884522	5.19298797264366	1.87193460490463	0	0	Stat3
Stat5a_755	10553	5383	5.53048764510128	2.8210570447816	1.96043098643879	0	0	Stat5a
Stat5b_756	11399	5095	5.97384901606268	2.67012551424154	2.23729146221786	0	0	Stat5b
Stat1_757	16336	8603	8.56117181563294	4.50855540706967	1.89887248634197	0	0	Stat1
Stat2_758	24792	12178	12.9926892539895	6.38209784346094	2.035802266382	0	0	Stat2
Stat4_759	19814	10318	10.3838796740298	5.40733170872311	1.92033339794534	0	0	Stat4
Tbx2_760	9187	4269	4.81461101066478	2.23724549956764	2.15202623565238	0	0	Tbx2
Tbx4_761	9373	4186	4.91208762413856	2.1937478709745	2.23913043478261	0	0	Tbx4
Tbx21_762	4579	2446	2.39970652202395	1.28186987396169	1.87203597710548	6.50898250912528e-148	8.67864334550038e-148	Tbx21
Tbx1_763	10459	5639	5.48122527055001	2.95521840526164	1.85476148253236	0	0	Tbx1
Tbx5_764	9373	4186	4.91208762413856	2.1937478709745	2.23913043478261	0	0	Tbx5
Tbx3_765	9191	3933	4.81670728192228	2.06115871393758	2.33689295703026	0	0	Tbx3
Tbx19_766	4632	2306	2.42748211618583	1.20850037994917	2.00867302688638	3.25981145113247e-178	4.63291530996962e-178	Tbx19
Tbx20_767	9576	4388	5.01847339045672	2.29960956947829	2.18231540565178	0	0	Tbx20
Eomes_768	9733	4728	5.10075203731363	2.47779262636585	2.05858714043993	0	0	Eomes
Tbr1_769	7340	3709	3.84665775751382	1.94376752351754	1.9789700727959	3.12796337844146e-274	5.67786370953234e-274	Tbr1
Tbx10_770	10459	5639	5.48122527055001	2.95521840526164	1.85476148253236	0	0	Tbx10
T_771	7912	3427	4.14642454733643	1.79598039986374	2.30872483221477	0	0	T
Tbp_772	10564	6547	5.5362523910594	3.4310719807143	1.61356346418207	7.90529542510065e-219	1.22601423785772e-218	Tbp
Tbpl2_773	10564	6547	5.5362523910594	3.4310719807143	1.61356346418207	7.90529542510065e-219	1.22601423785772e-218	Tbpl2
Prkrir_774	5561	2638	2.91434111574038	1.38249089432173	2.10803639120546	8.84002917155232e-239	1.45252523934057e-238	Prkrir
Spz1_775	9627	6262	5.04520084898986	3.28171265361738	1.53736825295433	4.09440104452082e-165	5.60286458723902e-165	Spz1
Hmga1_776	3282	2782	1.71999056677934	1.45795665959175	1.17972681524083	5.13195023287378e-11	5.45269712242839e-11	Hmga1
Hmga1rs1_777	3282	2782	1.71999056677934	1.45795665959175	1.17972681524083	5.13195023287378e-11	5.45269712242839e-11	Hmga1rs1
Myf5_778	16748	13029	8.77708775515552	6.82807955349422	1.28544017192417	4.4333346306479e-112	5.5827176830381e-112	Myf5
Mlxipl_779	3781	1490	1.98150040615256	0.780861043419018	2.53758389261745	4.63073445418403e-229	7.41588633604834e-229	Mlxipl
Ascl1_780	17112	11254	8.96784843958808	5.89785918297828	1.52052603518749	2.81347644601832e-288	5.41854722936861e-288	Ascl1
Tal2_781	6682	3877	3.50182113565495	2.03181091633257	1.72349754965179	8.11850217329364e-171	1.13019778286481e-170	Tal2
Tal1_782	13331	8846	6.98634803343553	4.63590388596284	1.50700881754465	5.33191276268898e-213	8.14060601419181e-213	Tal1
Lyl1_783	13331	8846	6.98634803343553	4.63590388596284	1.50700881754465	5.33191276268898e-213	8.14060601419181e-213	Lyl1
Neurod1_784	3388	2143	1.77554175510311	1.12307732620601	1.58096126924872	1.58532040246884e-64	1.84640742527332e-64	Neurod1
Twist1_785	5679	3542	2.97618111783665	1.85624819851689	1.60333145115754	1.45178250826312e-113	1.83339391043514e-113	Twist1
Neurod6_786	3388	2143	1.77554175510311	1.12307732620601	1.58096126924872	1.58532040246884e-64	1.84640742527332e-64	Neurod6
Neurod4_787	3388	2143	1.77554175510311	1.12307732620601	1.58096126924872	1.58532040246884e-64	1.84640742527332e-64	Neurod4
Ddit3_788	5938	3080	3.11191468175982	1.61412886827556	1.92792207792208	2.43462776019037e-207	3.66022268708892e-207	Ddit3
Batf3_789	12085	5554	6.33335953672405	2.91067264103975	2.17590925459129	0	0	Batf3
Batf_790	12085	5554	6.33335953672405	2.91067264103975	2.17590925459129	0	0	Batf
Atf5_791	5354	2964	2.80585907816471	1.55333700180803	1.80634278002699	5.55549875657587e-157	7.48637332441017e-157	Atf5
Mafa_792	10757	5609	5.63739747923381	2.93949637083039	1.91781066143698	0	0	Mafa
Maf_793	10757	5609	5.63739747923381	2.93949637083039	1.91781066143698	0	0	Maf
Klf6_794	31543	9175	16.5306710688363	4.80832219689228	3.43792915531335	0	0	Klf6
Bcl11a_795	30602	15520	16.0375232555093	8.1335324791028	1.97177835051546	0	0	Bcl11a
Ikzf4_796	9496	4872	4.97654796530671	2.55325839163588	1.94909688013136	0	0	Ikzf4
Hivep2_797	12623	8742	6.6153080208579	4.58140083326782	1.44394875314573	1.69484972254547e-165	2.32286380578324e-165	Hivep2
Klf11_798	20193	6811	10.582501375678	3.56942588370935	2.96476288357069	0	0	Klf11
Snai2_799	20239	10948	10.6066084951393	5.73749443177947	1.84864815491414	0	0	Snai2
Zfp148_800	48124	29508	25.2202394989912	15.4641930665828	1.63087976142063	0	0	Zfp148
Gli1_801	12693	6704	6.65199276786416	3.51335062757121	1.89334725536993	0	0	Gli1
Sp3_802	24803	8283	12.9984539999476	4.34085370646962	2.99444645659785	0	0	Sp3
Hivep3_803	12623	8742	6.6153080208579	4.58140083326782	1.44394875314573	1.69484972254547e-165	2.32286380578324e-165	Hivep3
Klf3_804	31543	9175	16.5306710688363	4.80832219689228	3.43792915531335	0	0	Klf3
Rest_805	17007	8992	8.91282131907869	4.71241778686162	1.89134786476868	0	0	Rest
Klf15_806	35505	20357	18.6070277493908	10.6684484972355	1.74411750257897	0	0	Klf15
Maz_807	54722	34382	28.6780389382386	18.0184995938474	1.59158862195335	0	0	Maz
Zbtb7a_808	4909	1846	2.57264890076776	0.967429185336583	2.65926327193933	6.06712613093051e-321	1.28605287612476e-320	Zbtb7a
Ovol2_809	1264	634	0.662421717370228	0.332258994313864	1.99369085173502	1.20274079292907e-48	1.3561516083537e-48	Ovol2
Klf10_810	13302	4793	6.97115006681865	2.51185703430024	2.77529730857501	0	0	Klf10
Zfp384_811	9532	4793	4.99541440662422	2.51185703430024	1.98873356978928	0	0	Zfp384
Zbtb7c_812	4909	1846	2.57264890076776	0.967429185336583	2.65926327193933	6.06712613093051e-321	1.28605287612476e-320	Zbtb7c
Mbtps2_813	13380	8529	7.01202735633991	4.46977438880591	1.56876538867394	6.17608060906214e-252	1.051956697189e-251	Mbtps2
Bcl11b_814	30602	15520	16.0375232555093	8.1335324791028	1.97177835051546	0	0	Bcl11b
Gli2_815	12693	6704	6.65199276786416	3.51335062757121	1.89334725536993	0	0	Gli2
Zfp219_816	24606	13273	12.8952126405157	6.95595210020177	1.85383861975439	0	0	Zfp219
Klf13_817	20193	6811	10.582501375678	3.56942588370935	2.96476288357069	0	0	Klf13
Glis3_818	15732	8965	8.24463485575033	4.69826795587349	1.75482431678751	0	0	Glis3
Klf2_819	31543	9175	16.5306710688363	4.80832219689228	3.43792915531335	0	0	Klf2
Ctcfl_820	29807	9795	15.620889343081	5.13324424180489	3.0430832057172	0	0	Ctcfl
Ybx2_821	11031	3719	5.78099206037261	1.94900820166129	2.96611992471094	0	0	Ybx2
Ybx1_822	11031	3719	5.78099206037261	1.94900820166129	2.96611992471094	0	0	Ybx1
Csda_823	11031	3719	5.78099206037261	1.94900820166129	2.96611992471094	0	0	Csda
Rbpj_824	10498	5259	5.50166391531064	2.75607263579907	1.99619699562654	0	0	Rbpj
Rbpsuhrs3_825	10498	5259	5.50166391531064	2.75607263579907	1.99619699562654	0	0	Rbpsuhrs3
Onecut1_826	8130	4412	4.26067133087021	2.31218719702329	1.8427017225748	1.27802025567422e-253	2.19372797284663e-253	Onecut1
Onecut2_827	8130	4412	4.26067133087021	2.31218719702329	1.8427017225748	1.27802025567422e-253	2.19372797284663e-253	Onecut2
Ets2_828	6183	1921	3.24031129628174	1.00673427141472	3.21863612701718	0	0	Ets2
Foxn3_829	15903	6768	8.33425045200849	3.54689096769122	2.34973404255319	0	0	Foxn3
Foxn2_830	16747	7632	8.77656368734114	3.99968555931137	2.19431341719078	0	0	Foxn2
Foxa3_831	16315	7843	8.55016639153106	4.11026386814454	2.08019890348081	0	0	Foxa3
Foxl2_832	16747	7632	8.77656368734114	3.99968555931137	2.19431341719078	0	0	Foxl2
Foxd4_833	17363	7815	9.09938946099625	4.09558996934203	2.22175303902751	0	0	Foxd4
ENSMUSG00000090020_834	16747	7632	8.77656368734114	3.99968555931137	2.19431341719078	0	0	ENSMUSG00000090020
Gcm2_835	1796	858	0.941225794617824	0.449650184733905	2.09324009324009	2.68393427663096e-76	3.19326769924868e-76	Gcm2
Ubp1_836	15040	7446	7.88197992820271	3.90220894583759	2.01987644372818	0	0	Ubp1
Six5_837	4197	1562	2.19951261693263	0.818593926054031	2.68693982074264	2.92187506982664e-278	5.43776328784578e-278	Six5
Nkx62_838	7091	3822	3.7161648717344	2.00298718654194	1.85531135531135	1.0958233715635e-224	1.73603559222605e-224	Nkx62
Prrxl1_839	3543	4238	1.85677226633126	2.22099939732201	0.836007550731477	0.999999999999999	1	Prrxl1
Pou4f2_840	9641	5965	5.05253779839111	3.12606451274795	1.6162615255658	2.58129826078565e-200	3.84152805140491e-200	Pou4f2
Pou4f1_841	9641	5965	5.05253779839111	3.12606451274795	1.6162615255658	2.58129826078565e-200	3.84152805140491e-200	Pou4f1
Mef2d_842	11699	6141	6.13106936037523	3.21830044807798	1.9050643217717	0	0	Mef2d
Smarcc1_843	19714	8091	10.3314728925923	4.24023268610958	2.43653442096156	0	0	Smarcc1
Nr1d1_844	7911	3911	4.14590047952205	2.04962922202133	2.02275632830478	1.04794613183706e-311	2.14440828829608e-311	Nr1d1
Nr1d2_845	7911	3911	4.14590047952205	2.04962922202133	2.02275632830478	1.04794613183706e-311	2.14440828829608e-311	Nr1d2
Thrb_846	5633	2728	2.95207399837539	1.42965699761549	2.06488269794721	3.41963229715266e-231	5.5062931706429e-231	Thrb
Nr4a1_847	17307	7756	9.07004166339124	4.0646699682939	2.23143372872615	0	0	Nr4a1
Nr5a1_848	10836	5920	5.67879883656945	3.10248146110107	1.83040540540541	0	0	Nr5a1
Pgr_849	5894	3004	3.08885569792731	1.57429971438304	1.96205059920107	6.66945194440005e-215	1.03073348231637e-214	Pgr
Nr1h4_850	9871	5431	5.1730733956974	2.8462122998716	1.81752900018413	4.68500104987764e-298	9.24451100020498e-298	Nr1h4
Nr1h5_851	9871	5431	5.1730733956974	2.8462122998716	1.81752900018413	4.68500104987764e-298	9.24451100020498e-298	Nr1h5
Thra_852	5633	2728	2.95207399837539	1.42965699761549	2.06488269794721	3.41963229715266e-231	5.5062931706429e-231	Thra
Trp63_853	13204	7270	6.91979142100988	3.80997301050756	1.8162310866575	0	0	Trp63
Pax8_854	7535	3772	3.94885098131698	1.97678379582318	1.99761399787911	4.99745034203203e-288	9.54156825562918e-288	Pax8
Pax1_855	7535	3772	3.94885098131698	1.97678379582318	1.99761399787911	4.99745034203203e-288	9.54156825562918e-288	Pax1
Relb_856	11130	6544	5.83287477399575	3.42949977727118	1.70079462102689	1.76772461646241e-276	3.23533863551298e-276	Relb
Nfatc4_857	11255	5837	5.89838325079265	3.05898383250793	1.9282165495974	0	0	Nfatc4
Runx3_858	20351	12134	10.6653040903493	6.35903885962844	1.67718806658975	0	0	Runx3
Nfib_859	7217	4019	3.78219741634567	2.10622854597385	1.79572032843991	6.90663264105625e-209	1.04366893242628e-208	Nfib
Smad4_860	4098	1306	2.14762990330949	0.684432565573985	3.13782542113323	0	0	Smad4
Smad2_861	13495	7845	7.07229515499306	4.11131200377329	1.7202039515615	0	0	Smad2
Nfia_862	7217	4019	3.78219741634567	2.10622854597385	1.79572032843991	6.90663264105625e-209	1.04366893242628e-208	Nfia
Smad1_863	9512	1374	4.98493305033671	0.720069176951498	6.92285298398835	0	0	Smad1
Tbx15_864	7429	3744	3.89329979299321	1.96210989702067	1.98424145299145	2.12445900797316e-279	3.96207123005965e-279	Tbx15
Tbx22_865	7429	3744	3.89329979299321	1.96210989702067	1.98424145299145	2.12445900797316e-279	3.96207123005965e-279	Tbx22
Tbx18_866	7429	3744	3.89329979299321	1.96210989702067	1.98424145299145	2.12445900797316e-279	3.96207123005965e-279	Tbx18
Tead3_867	10930	6140	5.72806121112072	3.21777638026361	1.78013029315961	4.59842710647027e-312	9.45351060958218e-312	Tead3
Tead4_868	14504	8645	7.60107957969761	4.53056625527343	1.67773279352227	0	0	Tead4
Hif3a_869	24014	11784	12.5849644944056	6.17561512459712	2.03784792939579	0	0	Hif3a
Creb3_870	6815	2280	3.57152215496685	1.19487461677541	2.9890350877193	0	0	Creb3
Nfe2l3_871	8153	3938	4.27272489060084	2.06377905300946	2.07034027425089	0	0	Nfe2l3
Wt1_872	34474	18268	18.06671383277	9.57367083300579	1.88712502737026	0	0	Wt1
E4f1_873	2593	660	1.35890784267484	0.345884757487619	3.92878787878788	3.50196352247095e-271	6.30496080216765e-271	E4f1
Klf16_874	20193	6811	10.582501375678	3.56942588370935	2.96476288357069	0	0	Klf16
Zfp42_875	13380	8529	7.01202735633991	4.46977438880591	1.56876538867394	6.17608060906214e-252	1.051956697189e-251	Zfp42
Zfp263_876	52473	31083	27.4994104237088	16.2895998742237	1.6881575137535	0	0	Zfp263
Zfp263_877	10374	4789	5.43667950632812	2.50976076304274	2.16621424096889	0	0	Zfp263
Zfp263_878	66445	40841	34.8216859261588	21.4034536068967	1.62691902744791	0	0	Zfp263
Dmrta2_879	7510	3873	3.9357492859576	2.02971464507507	1.93906532403821	4.30041816437221e-267	7.67993870162633e-267	Dmrta2
Foxm1_880	20533	7655	10.7606844325656	4.011739119042	2.68229915088178	0	0	Foxm1
Mixl1_881	4608	4371	2.41490448864083	2.29070041663391	1.05422100205903	0.00585921880710884	0.00607215641909052	Mixl1
Mef2b_882	11699	6141	6.13106936037523	3.21830044807798	1.9050643217717	0	0	Mef2b
Smad5_883	9512	1374	4.98493305033671	0.720069176951498	6.92285298398835	0	0	Smad5
Smad9_884	13495	7845	7.07229515499306	4.11131200377329	1.7202039515615	0	0	Smad9
