motif	observed	background	percent.observed	percent.background	fold.enrichment	pvalue	p.adjust	motif_name
Tcfap2a_1	5989	5860	4.59472937205109	4.49576124899306	1.02201365187713	0.114377786405044	0.286430490600734	Tcfap2a
Tcfap2b_2	4784	6358	3.67025969542368	4.87782423568223	0.75243787354514	1	1	Tcfap2b
Tcfap2c_3	6527	6366	5.00748014883578	4.88396179370133	1.02529060634621	0.0741859245067099	0.189538604809051	Tcfap2c
Tcfap2e_4	4024	6020	3.08719168360888	4.61851240937512	0.66843853820598	1	1	Tcfap2e
Tcfap2d_5	7989	5306	6.12911887682688	4.07073535617016	1.50565397663023	4.10199724271709e-127	1.00726821182275e-125	Tcfap2d
Arid3b_6	4950	3206	3.79761402432007	2.45962637615559	1.54398003742982	1.52068493585305e-86	2.53638770432848e-85	Arid3b
Arid3a_7	7752	5398	5.94729372051095	4.14131727338985	1.43608743979252	3.15382102706581e-99	5.80828705817953e-98	Arid3a
Arid5b_8	634	1425	0.486401473013925	1.09325252215275	0.444912280701754	1	1	Arid5b
Arid5a_9	3930	2934	3.01507537688442	2.25094940350608	1.33946830265849	1.71799281752914e-34	1.15931729060745e-33	Arid5a
Arid3c_10	5579	6164	4.28017952357206	4.72898845371898	0.905094094743673	0.9999999844188	1	Arid3c
Arid2_11	2824	3112	2.16655798074341	2.38751006943113	0.907455012853471	0.999926227310799	1	Arid2
Setbp1_12	292	499	0.224020867697265	0.382830181441559	0.585170340681363	0.999999999999953	1	Setbp1
Ahctf1_13	13800	9780	10.5872875829529	7.5031646783536	1.41104294478528	7.82759273100006e-167	2.88316332258502e-165	Ahctf1
Hmga2_14	1232	2622	0.945183934941885	2.01158464076106	0.469870327993898	1	1	Hmga2
Phf21a_15	6816	4071	5.22919943227588	3.12324983697112	1.67428150331614	6.50281640004175e-161	2.29939587905476e-159	Phf21a
Zfp957_16	2005	2560	1.53822547853773	1.96401856611301	0.783203125	1	1	Zfp957
Tcfe3_17	2408	1880	1.84740496375005	1.44232613448924	1.28085106382979	2.2390826513693e-16	1.04727463693675e-15	Tcfe3
Mnt_18	1712	1717	1.31343741608807	1.31727338985001	0.997087944088526	0.541074581002854	1	Mnt
Npas1_19	1098	809	0.842379838121907	0.620660554681806	1.35723114956737	1.66037973397864e-11	6.35400729366717e-11	Npas1
Tcfap4_20	5825	6718	4.46890943265948	5.15401434654187	0.867073533789819	1	1	Tcfap4
Twist2_21	3397	3318	2.60616057386168	2.54555218842303	1.02380952380952	0.167433431107942	0.408870588672433	Twist2
Id3_22	3788	8394	2.90613372204534	6.43983275154398	0.451274720038123	1	1	Id3
Ascl2_23	8598	8901	6.59634048103111	6.82880049100464	0.965958881024604	0.991329104702877	1	Ascl2
Myod1_24	11377	12713	8.72837469791707	9.75334688710729	0.894910721308896	1	1	Myod1
Arnt_25	1983	2244	1.52134719398519	1.72158502435843	0.883689839572193	0.999975890216727	1	Arnt
Arnt2_26	2802	4020	2.14967969619088	3.08412290459933	0.697014925373134	1	1	Arnt2
Mlx_27	2658	2216	2.03920365184702	1.70010357129157	1.19945848375451	8.80541089409476e-11	3.32648855999135e-10	Mlx
Ahr_28	2926	2406	2.24481184548698	1.84587057424527	1.21612635078969	3.31454295466741e-13	1.39526474853619e-12	Ahr
Hey2_29	1910	1962	1.46534197706088	1.50523610418505	0.973496432212029	0.804590843006827	1	Hey2
Sim1_30	1098	809	0.842379838121907	0.620660554681806	1.35723114956737	1.66037973397864e-11	6.35400729366717e-11	Sim1
Tcf3_31	3597	6601	2.75959952433925	5.06425256051249	0.544917436752007	1	1	Tcf3
Srebf1_32	1752	2095	1.34412520618359	1.60727300625264	0.836276849642005	0.999999988722491	1	Srebf1
Id2_33	1806	2817	1.38555372281254	2.1611876174767	0.641107561235357	1	1	Id2
Npas3_34	1098	809	0.842379838121907	0.620660554681806	1.35723114956737	1.66037973397864e-11	6.35400729366717e-11	Npas3
Id4_35	3788	8394	2.90613372204534	6.43983275154398	0.451274720038123	1	1	Id4
Ahrr_36	2926	2406	2.24481184548698	1.84587057424527	1.21612635078969	3.31454295466741e-13	1.39526474853619e-12	Ahrr
Myc_37	4357	7358	3.34266753615405	5.64501898807012	0.592144604512096	1	1	Myc
Srebf2_38	1243	871	0.953623077218152	0.668226629329855	1.42709529276693	2.28358666524591e-16	1.06246874319862e-15	Srebf2
Hes1_39	2202	1014	1.68936284475814	0.777935478921324	2.17159763313609	4.63668478072086e-101	8.9104985786027e-100	Hes1
Hes7_40	2180	712	1.67248456020561	0.54624266370018	3.06179775280899	9.95538022934652e-174	3.8263287490184e-172	Hes7
Tcfeb_41	2382	1780	1.82745790018796	1.36560665925045	1.33820224719101	2.54922703145175e-21	1.31784602093763e-20	Tcfeb
Bhlhe22_42	1992	2201	1.52825194675668	1.68859565000575	0.905043162199	0.999462422605434	1	Bhlhe22
Msc_43	2381	1410	1.82669070543557	1.08174460086693	1.6886524822695	1.27311662773318e-57	1.30864546385597e-56	Msc
Npas2_44	2188	2610	1.67862211822471	2.0023783037324	0.838314176245211	0.999999999653248	1	Npas2
Myog_45	12170	11357	9.33676013656067	8.71303080286931	1.07158580611077	1.42246165114876e-08	4.81783946212836e-08	Myog
Usf1_46	2862	2055	2.19571138133415	1.57658521615712	1.39270072992701	1.45261033588987e-31	9.23818371889672e-31	Usf1
Ptf1a_47	7818	9696	5.99792857416855	7.43872031915302	0.806311881188119	1	1	Ptf1a
Sohlh2_48	2225	1303	1.70700832406306	0.999654762361425	1.70759785111282	7.42557206874292e-56	7.37551203232442e-55	Sohlh2
Neurog2_49	1753	1809	1.34489240093598	1.3878553070697	0.969043670536208	0.831885949897672	1	Neurog2
Mycl1_50	2113	2426	1.62108251179562	1.86121446929303	0.870981038746908	0.999998721664321	1	Mycl1
Hes2_51	1872	1984	1.43618857647014	1.52211438873758	0.943548387096774	0.966631628701184	1	Hes2
Clock_52	1372	1452	1.05259120027619	1.11396678046722	0.944903581267218	0.937315349184022	1	Clock
Tcfec_53	2497	1994	1.91568529671257	1.52978633626146	1.25225677031093	1.95625735796577e-14	8.56104705169178e-14	Tcfec
Figla_54	4562	6723	3.49994246039357	5.15785032030381	0.67856611631712	1	1	Figla
Bhlhe40_55	1689	1611	1.29579193678315	1.2359507460969	1.04841713221601	0.0886700205888432	0.225242236208441	Bhlhe40
Bhlhe41_56	1503	1400	1.153093712839	1.07407265334305	1.07357142857143	0.0284626895864511	0.0748839809357821	Bhlhe41
Mesp2_57	3660	6956	2.80793279373969	5.33660669761019	0.526164462334675	1	1	Mesp2
Mesp1_58	3660	6956	2.80793279373969	5.33660669761019	0.526164462334675	1	1	Mesp1
Tcf12_59	4113	8703	3.15547201657141	6.67689593003184	0.472595656670114	1	1	Tcf12
Heyl_60	1910	1962	1.46534197706088	1.50523610418505	0.973496432212029	0.804590843006827	1	Heyl
Scx_61	5643	6672	4.32927998772488	5.11872338793203	0.845773381294964	1	1	Scx
Mitf_62	2463	1981	1.88960067513138	1.51981280448042	1.24331145885916	1.61385086256693e-13	6.85886616590946e-13	Mitf
Myf6_63	4816	6557	3.6948099275001	5.03049599140742	0.734482232728382	1	1	Myf6
Atoh7_64	2073	2230	1.5903947217001	1.710844297825	0.929596412556054	0.992429495036109	1	Atoh7
Mycn_65	2113	2426	1.62108251179562	1.86121446929303	0.870981038746908	0.999998721664321	1	Mycn
Hand1_66	6664	5747	5.11258582991292	4.40906824197322	1.15956151035323	1.74498423827254e-17	8.38351123170066e-17	Hand1
Atoh8_67	5420	10015	4.15819555794238	7.68345544516476	0.54118821767349	1	1	Atoh8
Hand2_68	6664	5747	5.11258582991292	4.40906824197322	1.15956151035323	1.74498423827254e-17	8.38351123170066e-17	Hand2
Neurod2_69	1157	1418	0.887644328512793	1.08788215888603	0.815937940761636	0.999999896589103	1	Neurod2
Mlxip_70	1528	2210	1.1722735816487	1.69550040277725	0.691402714932127	1	1	Mlxip
Tcfl5_71	2880	902	2.20952088687713	0.69200966665388	3.19290465631929	6.90676834612762e-242	4.69660247536678e-240	Tcfl5
Olig2_72	1628	1607	1.24899305688749	1.23288196708735	1.0130678282514	0.361733092423067	0.852725476538643	Olig2
Hey1_73	1910	1962	1.46534197706088	1.50523610418505	0.973496432212029	0.804590843006827	1	Hey1
Id1_74	1806	2817	1.38555372281254	2.1611876174767	0.641107561235357	1	1	Id1
Neurog3_75	1753	1809	1.34489240093598	1.3878553070697	0.969043670536208	0.831885949897672	1	Neurog3
Mycs_76	2113	2426	1.62108251179562	1.86121446929303	0.870981038746908	0.999998721664321	1	Mycs
Bhlhe23_77	1380	1494	1.05872875829529	1.14618896006751	0.923694779116466	0.984508112461278	1	Bhlhe23
Olig3_78	1586	1763	1.2167708772872	1.35256434845986	0.899602949517867	0.999020653752402	1	Olig3
Tcf21_79	6259	4350	4.80187195519583	3.33729717288734	1.43885057471264	1.74226618369953e-80	2.65545397653514e-79	Tcf21
Npas4_80	886	702	0.679734550615674	0.538570716176301	1.26210826210826	2.00218257064695e-06	6.18856430927239e-06	Npas4
Olig1_81	1732	1403	1.32878131113583	1.07637423760021	1.23449750534569	1.83076316269758e-09	6.42220093581213e-09	Olig1
Ferd3l_82	7225	7939	5.54298208600253	6.09075913920749	0.910064239828694	0.999999998910899	1	Ferd3l
Hes5_83	1039	1087	0.797115347731022	0.83394069584564	0.955841766329347	0.857031000537669	1	Hes5
Nhlh2_84	9217	9254	7.07123403275922	7.09962023859757	0.996001728982062	0.614116641245791	1	Nhlh2
Neurog1_85	1712	1790	1.31343741608807	1.37327860677433	0.956424581005587	0.91053315987311	1	Neurog1
Nhlh1_86	7049	7368	5.40795580958226	5.652690935594	0.956704668838219	0.996947473564975	1	Nhlh1
Bhlha15_87	2019	3332	1.54896620507116	2.55629291495646	0.60594237695078	1	1	Bhlha15
Tcf4_88	4350	7445	3.33729717288734	5.71176493152787	0.58428475486904	1	1	Tcf4
Arntl_89	2450	2075	1.87962714335034	1.59192911120488	1.18072289156627	1.001301773223e-08	3.4175705310005e-08	Arntl
Ebf1_90	6187	6872	4.7466339330239	5.27216233840961	0.900320139697322	0.999999999637595	1	Ebf1
Max_91	1790	2331	1.37327860677433	1.78833096781618	0.767910767910768	1	1	Max
Sim2_92	1098	809	0.842379838121907	0.620660554681806	1.35723114956737	1.66037973397864e-11	6.35400729366717e-11	Sim2
Tcf15_93	5643	6672	4.32927998772488	5.11872338793203	0.845773381294964	1	1	Tcf15
Atoh1_94	2111	1776	1.61954812229084	1.3625378802409	1.18862612612613	3.31766707314191e-08	1.0902668002444e-07	Atoh1
Usf2_95	2645	2208	2.02923012006598	1.69396601327247	1.19791666666667	1.29250779074382e-10	4.84142748736245e-10	Usf2
Mga_96	3287	5503	2.52176915109901	4.22187272239058	0.597310557877521	1	1	Mga
Cebpd_97	1138	833	0.873067628217423	0.639073228739115	1.36614645858343	2.85191552595084e-12	1.14285725895298e-11	Cebpd
Fosb_98	7086	6685	5.43634201542061	5.12869691971307	1.05998504113687	0.000230382842883524	0.000669929056279721	Fosb
Hlf_99	837	730	0.642142007748667	0.560052169243162	1.14657534246575	0.00360786012015149	0.00984366773522815	Hlf
Atf6b_100	1333	1011	1.02267060493306	0.775633894664161	1.31849653808111	1.27592031292165e-11	4.99076794965813e-11	Atf6b
Nfe2l2_101	6415	8195	4.92155433656834	6.28716099581879	0.782794386821232	1	1	Nfe2l2
Mafk_102	5069	4391	3.88891019985423	3.36875215773524	1.15440674106126	6.55020104280369e-13	2.71848719335139e-12	Mafk
Xbp1_103	1626	1007	1.24745866738272	0.772565115654609	1.61469712015889	2.51249718431413e-34	1.67018982952868e-33	Xbp1
Fos_104	8122	7618	6.23115577889447	5.84448962369097	1.06615909687582	1.76403814411937e-05	5.32221747236016e-05	Fos
Tef_105	997	1073	0.76489316813073	0.82319996931221	0.929170549860205	0.955368334381959	1	Tef
Atf1_106	1588	699	1.21830526679198	0.536269131919138	2.27181688125894	6.17214628299241e-80	9.09362885694215e-79	Atf1
Fosl1_107	3463	2879	2.65679542751928	2.20875369212475	1.20284821118444	6.01417111776332e-14	2.59342793565989e-13	Fosl1
Bach1_108	6455	6322	4.95224212666385	4.85020522459626	1.02103764631446	0.115557147853349	0.288566437012317	Bach1
Creb1_109	2071	1073	1.58886033219533	0.82319996931221	1.93010251630941	4.52833099582444e-73	5.80151391349102e-72	Creb1
Atf3_110	1324	1381	1.01576585216157	1.05949595304768	0.958725561187545	0.868859948284299	1	Atf3
Atf6_111	1333	1011	1.02267060493306	0.775633894664161	1.31849653808111	1.27592031292165e-11	4.99076794965813e-11	Atf6
Atf2_112	2349	1748	1.80214047335916	1.34105642717404	1.34382151029748	1.46838244740959e-21	7.68076972491168e-21	Atf2
Fosl2_113	1335	2070	1.02420499443784	1.58809313744294	0.644927536231884	1	1	Fosl2
Jdp2_114	1840	1210	1.41163834439372	0.928305650389351	1.52066115702479	6.82423575041474e-31	4.27845702366428e-30	Jdp2
Cebpa_115	496	609	0.380528597184395	0.467221604204227	0.814449917898194	0.999708631422052	1	Cebpa
Creb3l3_116	3157	2559	2.42203383328858	1.96325137136062	1.2336850332161	6.6697417785352e-16	3.02361627293596e-15	Creb3l3
Nfe2l1_117	3090	3818	2.37063178487859	2.92914956461698	0.809324253535883	1	1	Nfe2l1
Creb3l2_118	2239	2152	1.71774905059649	1.65100310713875	1.04042750929368	0.09528172629964	0.241343971486767	Creb3l2
Bach2_119	5012	5625	3.84518009896812	4.3154704821819	0.891022222222222	0.999999999399823	1	Bach2
Nrl_120	4979	5144	3.81986267213932	3.94644980628333	0.967923794712286	0.953803322017182	1	Nrl
Atf4_121	636	689	0.4879358625187	0.528597184395259	0.923076923076923	0.9315441848201	1	Atf4
Crebzf_122	114	276	0.0874602017722199	0.211745751659059	0.41304347826087	1	1	Crebzf
Mafg_123	4848	5016	3.71936015957651	3.84824887797767	0.966507177033493	0.958609579777904	1	Mafg
Atf7_124	2427	1887	1.86198166404542	1.44769649775596	1.28616852146264	5.87717450884988e-17	2.77830067691085e-16	Atf7
Cebpe_125	506	200	0.388200544708274	0.153438950477579	2.53	7.64952007797335e-32	4.90012735429597e-31	Cebpe
Jun_126	2138	1777	1.64026238060532	1.36330507499329	1.20315137872819	3.2926650762946e-09	1.1414572264488e-08	Jun
Junb_127	3971	4433	3.04653036173233	3.40097433733553	0.895781637717122	0.999999859065483	1	Junb
X9430076C15Rik_128	3196	2248	2.45195442863171	1.72465380336799	1.42170818505338	5.8670299147395e-39	4.54952144265765e-38	X9430076C15Rik
Cebpg_129	1361	1302	1.04415205799992	0.998887567609038	1.04531490015361	0.129294440912583	0.320934931099588	Cebpg
Cebpb_130	1138	833	0.873067628217423	0.639073228739115	1.36614645858343	2.85191552595084e-12	1.14285725895298e-11	Cebpb
Nfil3_131	1026	1020	0.787141815949979	0.782538647435652	1.00588235294118	0.455819523580173	1	Nfil3
Nfe2_132	7219	8900	5.5383789174882	6.82803329625225	0.811123595505618	1	1	Nfe2
Dbp_133	2145	1568	1.64563274387203	1.20296137174422	1.36798469387755	7.16830906806097e-22	3.8173404916662e-21	Dbp
Crem_134	1697	771	1.30192949480226	0.591507154091066	2.20103761348898	2.85877516683676e-80	4.28331736861643e-79	Crem
Jund_135	4737	4650	3.63420154206145	3.56745559860371	1.01870967741935	0.182981527318335	0.444383709201672	Jund
Mafb_136	5028	6090	3.85745521500633	4.67221604204227	0.825615763546798	1	1	Mafb
Nfil3_137	528	1115	0.405078829260808	0.855422148912501	0.473542600896861	1	1	Nfil3
Nfil3_138	1982	1632	1.52057999923281	1.25206183589704	1.21446078431373	2.45170871715942e-09	8.56644468762422e-09	Nfil3
Zeb1_139	4677	9300	3.58816985691818	7.13491119720741	0.502903225806452	1	1	Zeb1
Zscan4_140	3344	4227	2.56549925198512	3.24293221834363	0.791104802460374	1	1	Zscan4
Bcl6b_141	9148	8218	7.01829759484445	6.30480647512371	1.1131662204916	1.4555320427872e-13	6.21589529383517e-13	Bcl6b
Sp1_142	12079	5720	9.26694541409337	4.38835398365875	2.11171328671329	0	0	Sp1
Klf4_143	16188	18591	12.4193486516552	14.2629176416433	0.870743908342747	1	1	Klf4
Plag1_144	7648	8442	5.86750546626261	6.4766580996586	0.905946458185264	0.999999999951478	1	Plag1
Klf5_145	22020	23262	16.8936284475814	17.8464843300472	0.94660820221821	0.999999999934631	1	Klf5
Ctcf_146	19639	14234	15.0669377421458	10.9202501054893	1.37972460306309	1.34359508665468e-218	6.59854475890411e-217	Ctcf
Snai3_147	6058	5508	4.64766580996586	4.22570869615252	1.0998547567175	8.80794414454921e-08	2.84168708897135e-07	Snai3
Glis2_148	2621	3032	2.01081744600867	2.32613448924009	0.864445910290237	0.999999985085251	1	Glis2
Ikzf1_149	4247	4568	3.25827611339138	3.5045456289079	0.929728546409807	0.999757993904427	1	Ikzf1
Sp2_150	22701	21172	17.4160880739576	16.2430472975565	1.07221802380503	6.23356072957227e-16	2.8700352525739e-15	Sp2
Zbtb4_151	3944	2941	3.02581610341785	2.2563197667728	1.34104046242775	7.46708145147069e-35	5.07761538700007e-34	Zbtb4
Plagl1_152	3408	4944	2.61459971613794	3.79301085580575	0.689320388349515	1	1	Plagl1
Patz1_153	12562	15773	9.63750047949672	12.1009628294142	0.796424269320992	1	1	Patz1
Yy1_154	5958	8134	4.57094633472707	6.24036211592313	0.732480944184903	1	1	Yy1
Gli3_155	6233	9815	4.78192489163374	7.53001649468718	0.635048395313296	1	1	Gli3
Zkscan3_156	2857	3919	2.19187540757221	3.00663623460815	0.729012503189589	1	1	Zkscan3
Hivep1_157	5968	7194	4.57861828225095	5.51919904867851	0.829580205726995	1	1	Hivep1
Zfp369_158	7512	8313	5.76316697993786	6.37768997660056	0.903644893540238	0.999999999976384	1	Zfp369
Fezf2_159	4995	5657	3.83213778817753	4.34002071425831	0.882976842849567	0.999999999973326	1	Fezf2
Zfp187_160	674	1033	0.51708926310944	0.792512179216694	0.652468538238141	1	1	Zfp187
Osr2_161	2071	3448	1.58886033219533	2.64528750623346	0.600638051044084	1	1	Osr2
Bcl6_162	9442	8318	7.24385285204649	6.3815259503625	1.13512863669151	1.25116143394399e-18	6.21363318880049e-18	Bcl6
Zfp263_163	4482	4346	3.43856688020254	3.33422839387779	1.03129314312011	0.0718980761609107	0.184225795148536	Zfp263
Zscan10_164	5112	5526	3.92189957420691	4.2395182016955	0.925081433224756	0.999980113862282	1	Zscan10
Zfp523_165	8758	8303	6.71909164141317	6.37001802907668	1.05479947007106	0.00016181186362746	0.000473647971677729	Zfp523
Ovol1_166	3012	3410	2.31079059419234	2.61613410564272	0.883284457478006	0.999999770802173	1	Ovol1
Sp4_167	12267	10063	9.41117802754229	7.72028079327937	1.21902017291066	5.22422589295408e-54	5.13135076596823e-53	Sp4
Zfp711_168	2668	2799	2.0468755993709	2.14737811193371	0.953197570560914	0.964410211172595	1	Zfp711
Zfp202_169	4979	5766	3.81986267213932	4.42364494226859	0.863510232396809	0.999999999999996	1	Zfp202
Zfp282_170	4581	4783	3.51451916068894	3.6694925006713	0.957767091783399	0.983684408904841	1	Zfp282
Klf7_171	11754	9514	9.0176071195673	7.29909087421842	1.23544250578095	3.70356440905438e-58	3.89756064000485e-57	Klf7
Gfi1b_172	8138	7875	6.24343089493268	6.04165867505466	1.03339682539683	0.016292366094171	0.0436437928098399	Gfi1b
Mecom_173	6053	7212	4.64382983620392	5.53300855422149	0.839295618413755	1	1	Mecom
Zbtb7b_174	4360	3823	3.34496912041122	2.93298553837892	1.14046560292964	8.58448859606331e-10	3.12291683906171e-09	Zbtb7b
Mtf1_175	2255	4237	1.7300241666347	3.25060416586751	0.532216190700968	1	1	Mtf1
Zbtb49_176	2625	2918	2.01388622501822	2.23867428746787	0.899588759424263	0.999967297661013	1	Zbtb49
Fezf1_177	4995	5657	3.83213778817753	4.34002071425831	0.882976842849567	0.999999999973326	1	Fezf1
Zkscan1_178	1307	2755	1.00272354137098	2.11362154282865	0.474410163339383	1	1	Zkscan1
Mzf1_179	3749	3873	2.87621312670221	2.97134527599831	0.967983475342112	0.926915278194245	1	Mzf1
Zfp300_180	2208	3000	1.69396601327247	2.30158425716368	0.736	1	1	Zfp300
Zic1_181	5919	7630	4.54102573938394	5.85369596071963	0.775753604193971	1	1	Zic1
Zbtb1_182	2986	931	2.29084353063025	0.714258314473129	3.20730397422127	3.31580479500095e-252	2.66470130798258e-250	Zbtb1
Egr3_183	6863	5153	5.26525758563811	3.95335455905482	1.33184552687755	7.67695994724565e-58	7.98403834513548e-57	Egr3
Klf9_184	537	386	0.411983582032299	0.296137174421727	1.39119170984456	3.58727135064828e-07	1.13661214120899e-06	Klf9
Glis1_185	2085	2362	1.59960105872876	1.8121140051402	0.88272650296359	0.999987008758685	1	Glis1
Prdm4_186	5009	6208	3.84287851471096	4.76274502282404	0.806862113402062	1	1	Prdm4
Zic4_187	5010	5535	3.84364570946335	4.24642295446699	0.905149051490515	0.99999991530214	1	Zic4
Egr2_188	4670	3543	3.58279949365146	2.71817100771031	1.31809201241885	6.00862947507303e-37	4.42635704663713e-36	Egr2
Prdm1_189	8117	7260	6.22731980513253	5.56983390233611	1.11804407713499	5.48469051228383e-13	2.28701245889571e-12	Prdm1
Egr1_190	7298	4983	5.59898730292685	3.82293145114887	1.46457957053984	2.20299082783977e-102	4.3276530929119e-101	Egr1
Sp6_191	12044	7647	9.24009359775979	5.86673827151022	1.57499673074408	5.73818844231868e-235	3.17034911438107e-233	Sp6
Rreb1_192	18044	20696	13.8432621120872	15.8778625954198	0.871859296482412	1	1	Rreb1
Zfp281_193	13929	15421	10.686255706011	11.8309102765737	0.903248816548862	1	1	Zfp281
Klf8_194	13607	12856	10.4392189957421	9.86305573669876	1.05841630367144	5.74633669407712e-07	1.80133391402985e-06	Klf8
Zic5_195	3167	4010	2.42970578081246	3.07645095707545	0.789775561097257	1	1	Zic5
Zfp410_196	5472	5751	4.19808968506655	4.41213702098278	0.951486697965571	0.996553324882093	1	Zfp410
Snai1_197	6058	5508	4.64766580996586	4.22570869615252	1.0998547567175	8.80794414454921e-08	2.84168708897135e-07	Snai1
Hic1_198	2778	4360	2.13126702213357	3.34496912041122	0.637155963302752	1	1	Hic1
Zfp784_199	2026	2940	1.55433656833787	2.25555257202041	0.689115646258503	1	1	Zfp784
Zfp3_200	3009	2664	2.30848900993517	2.04380682036135	1.1295045045045	1.92738333736359e-06	5.97826972010321e-06	Zfp3
Dnajc21_201	11439	10344	8.77594077256512	7.93586251870037	1.10585846867749	4.80114537158244e-15	2.12210625423944e-14	Dnajc21
Zfp354c_202	13329	16783	10.2259388545782	12.875829529326	0.794196508371567	1	1	Zfp354c
Zfp691_203	4151	4173	3.18462541716215	3.20150370171468	0.994728013419602	0.601107633165222	1	Zfp691
Zfp740_204	6125	8628	4.69906785837585	6.61935632360275	0.709898006490496	1	1	Zfp740
Scrt1_205	3446	4525	2.64375311672868	3.47155625455522	0.761546961325967	1	1	Scrt1
Osr1_206	1831	4135	1.40473359162223	3.17235030112394	0.442805320435308	1	1	Osr1
Sp8_207	15794	15656	12.1170739192144	12.0112010433849	1.00881451200818	0.205023825806732	0.492502885905301	Sp8
Zfa_208	9251	8678	7.0973186543404	6.65771606122214	1.06602903894907	4.77452816220368e-06	1.46044390843877e-05	Zfa
Zfp161_209	4587	1052	3.51912232920327	0.807088879512064	4.36026615969582	0	0	Zfp161
Zbtb12_210	3461	4053	2.6552610380145	3.10944033142813	0.85393535652603	0.99999999999811	1	Zbtb12
Hic2_211	3129	5221	2.40055238022172	4.00552380221719	0.59931047692013	1	1	Hic2
Zfp524_212	3586	4176	2.75116038206299	3.20380528597184	0.858716475095785	0.999999999995234	1	Zfp524
Zfy1_213	9251	8678	7.0973186543404	6.65771606122214	1.06602903894907	4.77452816220368e-06	1.46044390843877e-05	Zfy1
Klf1_214	10813	16636	8.29567685757029	12.763051900725	0.649975955758596	1	1	Klf1
Zscan4c_215	6105	9251	4.68372396332809	7.0973186543404	0.659928656361474	1	1	Zscan4c
Zkscan4_216	2857	3919	2.19187540757221	3.00663623460815	0.729012503189589	1	1	Zkscan4
Zkscan5_217	6402	7007	4.9115808047873	5.37573362998197	0.913657770800628	0.999999961525496	1	Zkscan5
Zfp105_218	9766	12800	7.49242395182017	9.82009283056504	0.76296875	1	1	Zfp105
Zfp110_219	7512	8313	5.76316697993786	6.37768997660056	0.903644893540238	0.999999999976384	1	Zfp110
Zfp637_220	3284	2327	2.51946756684184	1.78526218880663	1.41125913192952	1.4687474752128e-38	1.12901979833749e-37	Zfp637
Scrt2_221	3467	4194	2.65986420652883	3.21761479151483	0.826657129232237	1	1	Scrt2
Sp7_222	15794	15656	12.1170739192144	12.0112010433849	1.00881451200818	0.205023825806732	0.492502885905301	Sp7
Zfp128_223	411	138	0.315317043231424	0.105872875829529	2.97826086956522	7.49707534054946e-33	4.94583179182516e-32	Zfp128
Zfp143_224	5559	5427	4.2648356285243	4.1635659212091	1.02432283029298	0.100794924215569	0.254579180018751	Zfp143
Zic2_225	4705	7399	3.60965130998504	5.67647397291802	0.635896742803082	1	1	Zic2
Zscan20_226	2684	2222	2.05915071540911	1.7047067398059	1.20792079207921	1.47336381646333e-11	5.73768111785718e-11	Zscan20
Zfp238_227	7821	6636	6.00023015842572	5.09110437684606	1.17857142857143	1.88379622835137e-24	1.06068526488065e-23	Zfp238
Zbtb6_228	4715	5420	3.61732325750892	4.15819555794238	0.869926199261993	0.999999999999585	1	Zbtb6
Zic3_229	5588	8717	4.28708427634355	6.68763665656527	0.641046231501663	1	1	Zic3
Insm1_230	6657	6839	5.10721546664621	5.2468449115808	0.973387922210849	0.94713544021011	1	Insm1
Sp9_231	15794	15656	12.1170739192144	12.0112010433849	1.00881451200818	0.205023825806732	0.492502885905301	Sp9
Zscan4ps2_232	6105	9251	4.68372396332809	7.0973186543404	0.659928656361474	1	1	Zscan4ps2
Zscan4f_233	6105	9251	4.68372396332809	7.0973186543404	0.659928656361474	1	1	Zscan4f
Egr4_234	4909	4165	3.76615903947217	3.19536614369558	1.17863145258103	9.82543702861979e-16	4.43147261903056e-15	Egr4
Zbtb3_235	5769	6698	4.42594652652576	5.13867045149411	0.861301881158555	1	1	Zbtb3
Klf12_236	11282	10437	8.65549119644022	8.00721163067245	1.08096196224969	1.10072324679172e-09	3.9554445128613e-09	Klf12
Klf14_237	9836	7735	7.54612758448732	5.93425140972036	1.27162249515191	6.53009790014232e-61	7.03976407771441e-60	Klf14
Sp5_238	12044	7647	9.24009359775979	5.86673827151022	1.57499673074408	5.73818844231868e-235	3.17034911438107e-233	Sp5
Zfp652_239	3936	3943	3.01967854539875	3.02504890866546	0.998224702003551	0.536460153699396	1	Zfp652
Zfx_240	2392	4760	1.83512984771184	3.65184702136637	0.502521008403361	1	1	Zfx
Myt1l_241	5484	4620	4.20729602209521	3.54443975603207	1.18701298701299	9.59811923106155e-19	4.8208735228741e-18	Myt1l
Nfya_242	4932	5415	3.78380451877709	4.15435958418044	0.910803324099723	0.999999402001563	1	Nfya
Cenpb_243	1041	515	0.798649737235797	0.395105297479765	2.02135922330097	1.02835608311174e-41	8.11666765598908e-41	Cenpb
Cux2_244	1161	1477	0.890713107522345	1.13314664927692	0.786052809749492	0.999999999736161	1	Cux2
Onecut3_245	5034	5226	3.86205838352066	4.00935977597913	0.963260619977038	0.974056437545735	1	Onecut3
Lin54_246	6875	4385	5.27446392266677	3.36414898922091	1.56784492588369	2.3044394497837e-128	5.82035563888227e-127	Lin54
Cxxc1_247	5709	697	4.37991484138248	0.534734742414362	8.19081779053085	0	0	Cxxc1
Mbd1_248	2785	579	2.13663738540028	0.44420576163259	4.81001727115717	0	0	Mbd1
Kdm2b_249	585	621	0.448808930146918	0.476427941232882	0.942028985507246	0.857221915771121	1	Kdm2b
Dmrtc2_250	3469	3911	2.6613985960336	3.00049867658905	0.886985425722322	0.999999916517452	1	Dmrtc2
Dmrt1_251	3225	3331	2.47420307645096	2.55552572020407	0.968177724407085	0.909623651771526	1	Dmrt1
Dmrt3_252	2646	3120	2.02999731481837	2.39364762745023	0.848076923076923	0.99999999987677	1	Dmrt3
Dmrta1_253	3855	3868	2.95753577045533	2.96750930223637	0.996639089968976	0.564236417986029	1	Dmrta1
Dmrt2_254	4237	3094	3.25060416586751	2.37370056388814	1.3694246929541	3.64661608714054e-42	2.93055329184749e-41	Dmrt2
Tfdp2_255	3117	1352	2.39134604319306	1.03724730522843	2.30547337278106	1.40683078956531e-160	4.60606821472495e-159	Tfdp2
Tfdp1_256	3117	1352	2.39134604319306	1.03724730522843	2.30547337278106	1.40683078956531e-160	4.60606821472495e-159	Tfdp1
E2f4_257	6698	2579	5.13867045149411	1.97859526640838	2.59713067080264	0	0	E2f4
E2f3_258	1328	586	1.01883463117112	0.449576124899306	2.26621160409556	9.04068567127531e-67	1.06559548445432e-65	E2f3
E2f2_259	1232	487	0.945183934941885	0.373623844412904	2.52977412731006	3.90119899710132e-75	5.14725360214563e-74	E2f2
E2f7_260	2732	2541	2.09597606352373	1.94944186581764	1.07516725698544	0.00410105439970542	0.0111548679671987	E2f7
E2f1_261	7130	2562	5.47009858452568	1.96555295561778	2.78298204527713	0	0	E2f1
E2f5_262	1311	640	1.00579232038053	0.491004641528252	2.0484375	1.11040465575378e-53	1.07867880844653e-52	E2f5
E2f8_263	3599	3604	2.76113391384403	2.76496988760597	0.998612652608213	0.5285767158359	1	E2f8
E2f6_264	12603	10622	9.66895546434462	8.14914265986421	1.18649971756731	1.51520429541034e-42	1.22884458453462e-41	E2f6
Sfpi1_265	6440	7152	4.94073420537804	5.48697686907822	0.900447427293065	0.999999999833957	1	Sfpi1
Elf3_266	5682	6424	4.35920058306801	4.92845908933983	0.884495641344956	0.9999999999977	1	Elf3
Etv3_267	3782	1922	2.90153055353101	1.47454831408953	1.96774193548387	1.83725494549036e-139	5.07541678691711e-138	Etv3
Etv1_268	3269	1475	2.50795964555602	1.13161225977214	2.21627118644068	3.79747546278061e-156	1.19891725324931e-154	Etv1
Spic_269	6108	8441	4.68602554758526	6.47589090490621	0.723610946570312	1	1	Spic
Etv2_270	4462	2859	3.42322298515478	2.19340979707699	1.56068555438965	2.40118153723357e-81	3.7239376823061e-80	Etv2
Spib_271	13493	15019	10.3517587939699	11.5224979861138	0.898395365869898	1	1	Spib
Elk3_272	3716	1538	2.85089569987341	1.17994552917258	2.41612483745124	1.52764424787055e-208	6.75218757558784e-207	Elk3
Gabpa_273	3512	2026	2.69438797038628	1.55433656833787	1.73346495557749	7.6453050538922e-92	1.32518620934131e-90	Gabpa
Elk1_274	3837	1489	2.94372626491235	1.14235298630557	2.57689724647414	8.32168232525719e-240	5.25454798251954e-238	Elk1
Ehf_275	5043	5196	3.86896313629215	3.9863439334075	0.970554272517321	0.939756776261949	1	Ehf
Etv5_276	3133	1398	2.40362115923127	1.07253826383828	2.24105865522175	6.27028695178817e-153	1.78804311786476e-151	Etv5
Fli1_277	3480	2646	2.66983773830987	2.02999731481837	1.31519274376417	1.99809434044741e-27	1.18544657513793e-26	Fli1
Etv4_278	3434	1438	2.63454677970003	1.10322605393379	2.38803894297636	1.11436607064625e-188	4.6909505069109e-187	Etv4
Spdef_279	2138	1410	1.64026238060532	1.08174460086693	1.51631205673759	3.0521965077886e-35	2.09158272316676e-34	Spdef
Elk4_280	3523	1367	2.70282711266255	1.04875522651425	2.57717629846379	4.84848548249815e-220	2.52121245089904e-218	Elk4
Elf5_281	5859	6162	4.49499405424067	4.7274540642142	0.950827653359299	0.997737640765215	1	Elf5
Etv6_282	3970	2957	3.04576316697994	2.268594882811	1.34257693608387	2.57618785185869e-35	1.77917973518991e-34	Etv6
Elf4_283	4444	3489	3.4094134796118	2.67674249108136	1.27371739753511	6.40039779195126e-28	3.84894669937749e-27	Elf4
Ets1_284	3521	2791	2.70129272315777	2.14124055391461	1.26155499820853	7.09176271396926e-21	3.64483618555164e-20	Ets1
Elf1_285	11442	11433	8.77824235682228	8.77133760405079	1.00078719496195	0.477917979613684	1	Elf1
Elf2_286	4426	2298	3.39560397406882	1.76301354098738	1.9260226283725	4.66465970735644e-155	1.42191695907003e-153	Elf2
Erg_287	3753	2654	2.87928190571176	2.03613487283747	1.41409193669932	2.30958348803675e-44	1.89043685502267e-43	Erg
Erf_288	4184	2692	3.20994284399095	2.06528827342821	1.55423476968796	4.6811924020358e-75	6.08555012264654e-74	Erf
ENSMUSG00000044690_289	3133	1398	2.40362115923127	1.07253826383828	2.24105865522175	6.27028695178817e-153	1.78804311786476e-151	ENSMUSG00000044690
Gm5454_290	3483	1383	2.67213932256703	1.06103034255246	2.51843817787419	1.46278982514787e-209	6.8058221338459e-208	Gm5454
Fev_291	3620	1920	2.77724500364417	1.47301392458476	1.88541666666667	6.20199006531795e-120	1.37063980443527e-118	Fev
Gm4881_292	3512	2026	2.69438797038628	1.55433656833787	1.73346495557749	7.6453050538922e-92	1.32518620934131e-90	Gm4881
Gm4881_293	12248	11534	9.39660132724692	8.84882427404196	1.06190393618866	6.16464413545301e-07	1.92563442252313e-06	Gm4881
Gm4881_294	1775	1338	1.36177068548851	1.026506578695	1.32660687593423	1.71623823043095e-15	7.66239694798462e-15	Gm4881
Gm4881_295	6442	6352	4.94226859488281	4.8732210671679	1.01416876574307	0.209865447498756	0.502767088316804	Gm4881
Gm4881_296	8274	7532	6.34776938125743	5.77851087498562	1.09851301115242	5.92656893689223e-10	2.20129703370283e-09	Gm4881
Gm4881_297	7758	8339	5.95189688902528	6.39763704016265	0.930327377383379	0.999998911367663	1	Gm4881
Foxj2_298	8004	5348	6.1406267981127	4.10295753577046	1.49663425579656	4.27362863506745e-124	9.68689157281955e-123	Foxj2
Foxg1_299	6803	7047	5.21922590049484	5.40642142007749	0.965375337022847	0.983800749313274	1	Foxg1
Foxp4_300	7270	5348	5.57750584985999	4.10295753577046	1.35938668661182	2.35118327889867e-69	2.84718632677593e-68	Foxp4
Foxp2_301	7270	5348	5.57750584985999	4.10295753577046	1.35938668661182	2.35118327889867e-69	2.84718632677593e-68	Foxp2
Foxp1_302	6451	6792	4.9491733476543	5.21078675821857	0.949793875147232	0.99885778831743	1	Foxp1
Foxj3_303	8740	6910	6.70528213587019	5.30131573900035	1.26483357452967	8.58889614726482e-52	7.99219388861274e-51	Foxj3
Foxh1_304	4932	4906	3.78380451877709	3.76385745521501	1.00529963310232	0.398611381090937	0.93467496255806	Foxh1
Foxj1_305	13617	14196	10.4468909432659	10.8910967048985	0.959213863060017	0.999883259697524	1	Foxj1
Foxa1_306	9802	9673	7.52004296290613	7.4210748398481	1.01333609014783	0.170162602472408	0.414390469932805	Foxa1
Foxa2_307	4364	6028	3.34803789942077	4.62464996739422	0.723954877239549	1	1	Foxa2
Foxf2_308	6260	5363	4.80263914994821	4.11446545705627	1.16725713220213	8.95537609752805e-18	4.34975410451362e-17	Foxf2
Foxq1_309	8057	5252	6.18128811998926	4.02930683954122	1.53408225437928	1.13092307664983e-138	3.02950302957106e-137	Foxq1
Foxk2_310	7807	5348	5.98948943189229	4.10295753577046	1.45979805534779	4.35211823084558e-108	8.74380117288067e-107	Foxk2
Foxp3_311	7270	5348	5.57750584985999	4.10295753577046	1.35938668661182	2.35118327889867e-69	2.84718632677593e-68	Foxp3
Foxf1a_312	6260	5363	4.80263914994821	4.11446545705627	1.16725713220213	8.95537609752805e-18	4.34975410451362e-17	Foxf1a
Foxo4_313	5012	6325	3.84518009896812	4.85250680885343	0.792411067193676	1	1	Foxo4
Foxo1_314	10102	8848	7.7502013886225	6.78813916912808	1.14172694394213	1.60899782743044e-21	8.3667887026383e-21	Foxo1
Foxe3_315	6456	4162	4.95300932141624	3.19306455943841	1.55117731859683	1.98930956589751e-115	4.18702299107951e-114	Foxe3
Foxc2_316	10630	8753	8.15528021788331	6.71525566765123	1.21444076316691	6.25341443539008e-45	5.21511166121211e-44	Foxc2
Foxi1_317	11526	11575	8.84268671602286	8.88027925888987	0.995766738660907	0.634798633215373	1	Foxi1
Foxi2_318	11526	11575	8.84268671602286	8.88027925888987	0.995766738660907	0.634798633215373	1	Foxi2
Foxo3_319	6365	5348	4.88319459894894	4.10295753577046	1.19016454749439	3.56811981572082e-22	1.93510301662405e-21	Foxo3
Foxc1_320	9963	8779	7.64356131804058	6.73520273121332	1.13486729695865	1.45014700126367e-19	7.32531399495475e-19	Foxc1
Foxo6_321	5025	6699	3.85515363074917	5.1394376462465	0.750111957008509	1	1	Foxo6
Foxd2_322	6456	4162	4.95300932141624	3.19306455943841	1.55117731859683	1.98930956589751e-115	4.18702299107951e-114	Foxd2
Foxi3_323	11526	11575	8.84268671602286	8.88027925888987	0.995766738660907	0.634798633215373	1	Foxi3
Foxk1_324	7807	5348	5.98948943189229	4.10295753577046	1.45979805534779	4.35211823084558e-108	8.74380117288067e-107	Foxk1
Foxb2_325	8849	7697	6.78890636388047	5.90509800912962	1.14966870209172	1.1250064614104e-20	5.7155500683149e-20	Foxb2
Foxb1_326	8849	7697	6.78890636388047	5.90509800912962	1.14966870209172	1.1250064614104e-20	5.7155500683149e-20	Foxb1
Foxd3_327	12618	12328	9.68046338563044	9.45797690743795	1.02352368591823	0.0271669121030617	0.0716882098480793	Foxd3
Foxe1_328	12618	12328	9.68046338563044	9.45797690743795	1.02352368591823	0.0271669121030617	0.0716882098480793	Foxe1
Foxs1_329	10630	8753	8.15528021788331	6.71525566765123	1.21444076316691	6.25341443539008e-45	5.21511166121211e-44	Foxs1
Foxd1_330	7758	7414	5.95189688902528	5.68798189420384	1.04639870515241	0.00205550779716979	0.00566065075606882	Foxd1
Gm5294_331	6473	7725	4.96605163220684	5.92657946219648	0.837928802588997	1	1	Gm5294
Gm5294_332	13771	13274	10.5650389351337	10.1837431431969	1.03744161518758	0.00072152534670107	0.00205089519769693	Gm5294
Gm5294_333	11094	9389	8.51125858299129	7.20319153016993	1.18159548407711	1.15312789708883e-35	8.09019889703592e-35	Gm5294
Gm5294_334	7758	7414	5.95189688902528	5.68798189420384	1.04639870515241	0.00205550779716979	0.00566065075606882	Gm5294
Gm5294_335	13617	14196	10.4468909432659	10.8910967048985	0.959213863060017	0.999883259697524	1	Gm5294
Gm5294_336	8977	7026	6.88710729218612	5.39031033027734	1.277682892115	1.98514631868031e-57	1.99416971103795e-56	Gm5294
Gm5294_337	14362	12539	11.0184510337949	9.6198550001918	1.14538639444932	4.24405043603125e-32	2.73849677770191e-31	Gm5294
Gm5294_338	3801	3096	2.91610725382638	2.37523495339292	1.22771317829457	4.03436146528754e-18	1.98131974184121e-17	Gm5294
Gm5294_339	6923	5877	5.31128927078139	4.50880355978365	1.17798196358686	1.30837039492616e-21	6.88452041139718e-21	Gm5294
Gm5294_340	11526	11575	8.84268671602286	8.88027925888987	0.995766738660907	0.634798633215373	1	Gm5294
Gm5294_341	12618	12328	9.68046338563044	9.45797690743795	1.02352368591823	0.0271669121030617	0.0716882098480793	Gm5294
Gm5294_342	2424	3061	1.85968007978825	2.34838313705934	0.791898072525319	1	1	Gm5294
Gm5294_343	8045	7452	6.17208178296061	5.71713529479458	1.07957595276436	4.69435375927283e-07	1.47680025736554e-06	Gm5294
Gm5294_344	9240	8589	7.08887951206414	6.58943572825962	1.07579462102689	2.27933447787125e-07	7.27412158280934e-07	Gm5294
Gm5294_345	1897	1819	1.45536844527983	1.39552725459358	1.04288070368334	0.101640146329836	0.255255367487429	Gm5294
Gm5294_346	4358	2438	3.34343473090644	1.87042080632168	1.78753076292043	6.25333557686882e-125	1.45472332893475e-123	Gm5294
Gm5294_347	10157	7780	7.79239710000384	5.96877517357781	1.30552699228792	5.50049578669971e-76	7.36733072036749e-75	Gm5294
Gm5294_348	8453	6929	6.48509724193486	5.31589243929572	1.21994515803146	4.40703623072928e-37	3.27379834282747e-36	Gm5294
Gm5294_349	4144	5074	3.17925505389543	3.89274617361617	0.816712652739456	1	1	Gm5294
Gm5294_350	2777	3854	2.13049982738118	2.95676857570294	0.720550077841204	1	1	Gm5294
Gm5294_351	4072	4204	3.1240170317235	3.2252867390387	0.9686013320647	0.931330120942853	1	Gm5294
Gm5294_352	7451	7495	5.7163681000422	5.75012466914726	0.994129419613075	0.647698097802998	1	Gm5294
Gm5294_353	6549	7219	5.02435843338832	5.5383789174882	0.907189361407397	0.999999997909935	1	Gm5294
Foxl1_354	6473	7725	4.96605163220684	5.92657946219648	0.837928802588997	1	1	Foxl1
Foxl1_355	13771	13274	10.5650389351337	10.1837431431969	1.03744161518758	0.00072152534670107	0.00205089519769693	Foxl1
Foxl1_356	11094	9389	8.51125858299129	7.20319153016993	1.18159548407711	1.15312789708883e-35	8.09019889703592e-35	Foxl1
Foxl1_357	13617	14196	10.4468909432659	10.8910967048985	0.959213863060017	0.999883259697524	1	Foxl1
Foxl1_358	14362	12539	11.0184510337949	9.6198550001918	1.14538639444932	4.24405043603125e-32	2.73849677770191e-31	Foxl1
Foxl1_359	7758	7414	5.95189688902528	5.68798189420384	1.04639870515241	0.00205550779716979	0.00566065075606882	Foxl1
Foxl1_360	8977	7026	6.88710729218612	5.39031033027734	1.277682892115	1.98514631868031e-57	1.99416971103795e-56	Foxl1
Foxl1_361	8328	12065	6.38919789788638	9.25620468755994	0.690261085785329	1	1	Foxl1
Foxl1_362	11526	11575	8.84268671602286	8.88027925888987	0.995766738660907	0.634798633215373	1	Foxl1
Foxl1_363	6923	5877	5.31128927078139	4.50880355978365	1.17798196358686	1.30837039492616e-21	6.88452041139718e-21	Foxl1
Foxl1_364	3801	3096	2.91610725382638	2.37523495339292	1.22771317829457	4.03436146528754e-18	1.98131974184121e-17	Foxl1
Foxl1_365	2272	2844	1.74306647742529	2.18190187579117	0.79887482419128	1	1	Foxl1
Foxl1_366	12618	12328	9.68046338563044	9.45797690743795	1.02352368591823	0.0271669121030617	0.0716882098480793	Foxl1
Foxl1_367	11730	10586	8.99919444550999	8.12152364877824	1.10806725864349	6.06794041316964e-16	2.80840802368689e-15	Foxl1
Foxl1_368	10526	9459	8.07549196363497	7.25689516283709	1.11280262184163	2.09559926023771e-15	9.30909420125696e-15	Foxl1
Foxl1_369	8045	7452	6.17208178296061	5.71713529479458	1.07957595276436	4.69435375927283e-07	1.47680025736554e-06	Foxl1
Foxl1_370	9240	8589	7.08887951206414	6.58943572825962	1.07579462102689	2.27933447787125e-07	7.27412158280934e-07	Foxl1
Foxl1_371	1897	1819	1.45536844527983	1.39552725459358	1.04288070368334	0.101640146329836	0.255255367487429	Foxl1
Foxl1_372	4358	2438	3.34343473090644	1.87042080632168	1.78753076292043	6.25333557686882e-125	1.45472332893475e-123	Foxl1
Foxl1_373	10157	7780	7.79239710000384	5.96877517357781	1.30552699228792	5.50049578669971e-76	7.36733072036749e-75	Foxl1
Foxl1_374	3985	3506	3.05727108826576	2.68978480187196	1.13662293211637	1.03722219402607e-08	3.52655545968865e-08	Foxl1
Foxl1_375	8453	6929	6.48509724193486	5.31589243929572	1.21994515803146	4.40703623072928e-37	3.27379834282747e-36	Foxl1
Foxl1_376	2777	3854	2.13049982738118	2.95676857570294	0.720550077841204	1	1	Foxl1
Foxl1_377	4072	4204	3.1240170317235	3.2252867390387	0.9686013320647	0.931330120942853	1	Foxl1
Foxl1_378	7451	7495	5.7163681000422	5.75012466914726	0.994129419613075	0.647698097802998	1	Foxl1
Foxl1_379	6549	7219	5.02435843338832	5.5383789174882	0.907189361407397	0.999999997909935	1	Foxl1
Foxl1_380	19384	17079	14.8713030802869	13.1029191760328	1.1349610632941	5.11747903264365e-39	4.00340837597964e-38	Foxl1
Foxl1_381	18527	16679	14.2138171774905	12.7960412750777	1.11079800947299	1.72278822217849e-26	9.95388750592016e-26	Foxl1
Gata6_382	5071	4936	3.89044458935901	3.78687329778664	1.02735008103728	0.0859671175663269	0.219005567517674	Gata6
Gata2_383	6811	8287	5.22536345851394	6.35774291303848	0.821889706769639	1	1	Gata2
Gata3_384	5003	5703	3.83827534619663	4.37531167286816	0.877257583727862	0.999999999997754	1	Gata3
Gata5_385	3928	6587	3.01354098737965	5.05351183397906	0.596326096857447	1	1	Gata5
Gata4_386	4379	5892	3.35954582070659	4.52031148106947	0.743211133740665	1	1	Gata4
Gata1_387	7243	9104	5.55679159154551	6.98454102573938	0.795584358523726	1	1	Gata1
Gcm1_388	937	1115	0.718861482987456	0.855422148912501	0.840358744394619	0.999963989662384	1	Gcm1
Tcfcp2_389	443	289	0.339867275307837	0.221719283440101	1.53287197231834	6.60839073029549e-09	2.27308070256078e-08	Tcfcp2
Grhl1_390	1162	1744	0.891480302274732	1.33798764816449	0.666284403669725	1	1	Grhl1
Tcfcp2l1_391	7114	6905	5.45782346848748	5.29747976523841	1.0302679217958	0.0354606513594118	0.0921976935344707	Tcfcp2l1
Dux_392	2953	2446	2.26552610380145	1.87655836434079	1.20727718724448	1.65649955592472e-12	6.77937781221044e-12	Dux
Lhx2_393	2311	3099	1.77298707276842	2.37753653765008	0.745724427234592	1	1	Lhx2
Hoxb6_394	2429	3701	1.86351605355019	2.83938777858759	0.656309105647122	1	1	Hoxb6
Hoxa10_395	3203	2961	2.45732479189842	2.27166366182055	1.08172914555893	0.000945232960577542	0.00266960363306884	Hoxa10
Hoxa4_396	2821	3426	2.16425639648625	2.62840922168092	0.823409223584355	0.999999999999996	1	Hoxa4
Sebox_397	3029	3078	2.32383290498293	2.36142544784994	0.98408057179987	0.741326739310055	1	Sebox
Meox1_398	2806	2932	2.15274847520043	2.2494150140013	0.957025920873124	0.95499857102569	1	Meox1
Nkx21_399	2980	3340	2.28624036211592	2.56243047297556	0.892215568862275	0.99999786920856	1	Nkx21
Irx2_400	2211	2593	1.69626759752963	1.98933599294181	0.852680293096799	0.999999987992701	1	Irx2
Dlx3_401	2413	2369	1.85124093751199	1.81748436840692	1.01857323765302	0.265134629882294	0.631749360689886	Dlx3
Mnx1_402	2338	3341	1.7937013310829	2.56319766772795	0.699790481891649	1	1	Mnx1
Hoxc13_403	4321	3905	3.31504852506809	2.99589550807472	1.10653008962868	1.65550962001358e-06	5.15306515525354e-06	Hoxc13
Hoxc11_404	2819	3200	2.16272200698147	2.45502320764126	0.8809375	0.999999687333881	1	Hoxc11
Hoxc8_405	2784	3089	2.1358701906479	2.3698645901262	0.901262544512787	0.999973219519736	1	Hoxc8
Hoxc6_406	3560	2461	2.7312133185009	1.88806628562661	1.44656643640796	4.9053595995155e-47	4.29340384749674e-46	Hoxc6
Evx2_407	3129	2542	2.40055238022172	1.95020906057003	1.2309205350118	1.71204729961252e-15	7.66239694798462e-15	Evx2
Hoxd13_408	4020	3650	3.08412290459933	2.80026084621581	1.1013698630137	9.4500549440964e-06	2.87073834040592e-05	Hoxd13
Hoxd12_409	2854	3622	2.18957382331505	2.77877939314895	0.787962451684152	1	1	Hoxd12
Evx1_410	2241	3113	1.71928344010127	2.38827726418351	0.719884355926759	1	1	Evx1
Otx1_411	2587	3412	1.98473282442748	2.61766849514749	0.75820633059789	1	1	Otx1
Rhox6_412	2628	2116	2.01618780927538	1.62338409605278	1.24196597353497	3.32742928504314e-14	1.44188602351869e-13	Rhox6
Vax1_413	2495	2805	1.91415090720779	2.15198128044804	0.889483065953654	0.99999209759488	1	Vax1
Pknox1_414	6170	7195	4.7335916222333	5.51996624343089	0.857539958304378	1	1	Pknox1
Phox2a_415	2245	2242	1.72235221911082	1.72005063485366	1.00133809099019	0.487986801002968	1	Phox2a
Pou6f1_416	3600	4486	2.76190110859642	3.44163565921209	0.802496656263932	1	1	Pou6f1
Nanog_417	1929	2446	1.47991867735625	1.87655836434079	0.7886345053148	0.999999999999999	1	Nanog
Phox2b_418	2245	1162	1.72235221911082	0.891480302274732	1.93201376936317	2.60671177909617e-79	3.77759543069019e-78	Phox2b
Alx3_419	2231	4750	1.71161149257739	3.64417507384249	0.469684210526316	1	1	Alx3
Hoxa2_420	2624	2895	2.01311903026583	2.22102880816295	0.906390328151986	0.999892789964893	1	Hoxa2
Nkx25_421	3553	3843	2.72584295523419	2.94832943342668	0.924538121259433	0.999701705665926	1	Nkx25
Lhx1_422	3734	3263	2.86470520541639	2.5033564770417	1.14434569414649	6.06960948516631e-09	2.09591202534649e-08	Lhx1
Hoxb1_423	4117	3766	3.15854079558096	2.88925543749281	1.09320233669676	3.11878584732702e-05	9.37757377223499e-05	Hoxb1
Lhx9_424	2311	2116	1.77298707276842	1.62338409605278	1.0921550094518	0.00163464168824226	0.00455843297289008	Lhx9
Meis1_425	5439	7396	4.17277225823775	5.67417238866086	0.73539751216874	1	1	Meis1
Hnf1b_426	2368	3087	1.81671717365453	2.36833020062143	0.767087787495951	1	1	Hnf1b
Dlx4_427	2063	1425	1.58272277417622	1.09325252215275	1.44771929824561	6.53568178229917e-28	3.90374506456248e-27	Dlx4
Hoxb9_428	4410	4636	3.38332885803061	3.55671487207027	0.951251078515962	0.992436414186044	1	Hoxb9
Gsc_429	2042	4588	1.56661168437608	3.51988952395566	0.445074106364429	1	1	Gsc
Six6_430	1637	3216	1.25589780965898	2.46729832367947	0.509017412935323	1	1	Six6
Vsx2_431	1858	2510	1.42544784993671	1.92565882849361	0.740239043824701	1	1	Vsx2
Barx1_432	2053	2862	1.57505082665235	2.19571138133415	0.717330538085255	1	1	Barx1
Msx2_433	2025	1508	1.55356937358548	1.15692968660094	1.34283819628647	1.01297641032721e-18	5.05915902106921e-18	Msx2
Pitx1_434	3376	5924	2.59004948406153	4.54486171314588	0.569885212694126	1	1	Pitx1
Irx4_435	885	2844	0.678967355863286	2.18190187579117	0.311181434599156	1	1	Irx4
Otp_436	2112	2180	1.62031531704323	1.67248456020561	0.968807339449542	0.855882505513919	1	Otp
Otx2_437	2587	3412	1.98473282442748	2.61766849514749	0.75820633059789	1	1	Otx2
Hmbox1_438	2713	2059	2.08139936322836	1.57965399516667	1.31762991743565	6.17132934191378e-22	3.30633644742532e-21	Hmbox1
Nkx31_439	3071	3657	2.35605508458322	2.80563120948253	0.839759365600219	0.999999999999799	1	Nkx31
Hoxc10_440	2989	3017	2.29314511488741	2.31462656795428	0.990719257540603	0.647501436985509	1	Hoxc10
Hoxc5_441	3531	4750	2.70896467068165	3.64417507384249	0.743368421052632	1	1	Hoxc5
Gsc2_442	2446	3235	1.87655836434079	2.48187502397484	0.756105100463678	1	1	Gsc2
Dlx2_443	2159	1488	1.65637347040546	1.14158579155319	1.45094086021505	1.94811972295529e-29	1.19592905214755e-28	Dlx2
Esx1_444	2112	2380	1.62031531704323	1.82592351068319	0.887394957983193	0.999974362195365	1	Esx1
Six2_445	781	2746	0.599179101614945	2.10671679005716	0.284413692643846	1	1	Six2
Pou4f3_446	3777	2286	2.89769457976907	1.75380720395872	1.65223097112861	1.21883812199156e-84	1.99528314785285e-83	Pou4f3
Rax_447	1933	2456	1.4829874563658	1.88423031186467	0.787052117263844	0.999999999999999	1	Rax
Cdx1_448	3739	3251	2.86854117917833	2.49415014001304	1.15010765918179	1.74316548798856e-09	6.13927606128241e-09	Cdx1
Hhex_449	1523	3643	1.16843760788676	2.7948904829491	0.418062036782871	1	1	Hhex
Tlx1_450	3202	3258	2.45655759714604	2.49952050327976	0.98281154082259	0.76366231611918	1	Tlx1
Lbx1_451	2531	2337	1.94176991829376	1.79293413633051	1.08301240907146	0.00261352431605982	0.00717501706644995	Lbx1
Pitx3_452	3068	5364	2.35375350032606	4.11523265180866	0.571961222967934	1	1	Pitx3
Msx3_453	2338	1952	1.7937013310829	1.49756415666117	1.19774590163934	1.50715709858492e-09	5.35071034196415e-09	Msx3
Lhx4_454	2231	3690	1.71161149257739	2.83094863631133	0.604607046070461	1	1	Lhx4
Prrx1_455	2171	2242	1.66557980743412	1.72005063485366	0.968331846565566	0.862833091533079	1	Prrx1
Lmx1a_456	2842	2828	2.18036748628639	2.16962675975296	1.0049504950495	0.430716444280082	1	Lmx1a
Barhl1_457	1865	2418	1.43081821320342	1.85507691127393	0.771298593879239	1	1	Barhl1
Lhx6_458	2296	2312	1.7614791514826	1.77375426752081	0.993079584775086	0.599739410759932	1	Lhx6
Lhx3_459	3488	3625	2.67597529632897	2.78108097740611	0.962206896551724	0.951450566674512	1	Lhx3
Hoxd8_460	2279	1932	1.74843684069201	1.48222026161341	1.1796066252588	3.75773267798843e-08	1.22576962632538e-07	Hoxd8
Meis2_461	5439	7434	4.17277225823775	5.7033257892516	0.731638418079096	1	1	Meis2
Nkx22_462	3185	4227	2.44351528635544	3.24293221834363	0.753489472439082	1	1	Nkx22
Shox2_463	2448	2548	1.87809275384556	1.95481222908435	0.960753532182104	0.925467900116125	1	Shox2
Pitx2_464	2587	6067	1.98473282442748	4.65457056273735	0.426405142574584	1	1	Pitx2
Lhx8_465	3228	2932	2.47650466070812	2.2494150140013	1.10095497953615	7.10397616206597e-05	0.000210030599574124	Lhx8
Dmbx1_466	2212	4988	1.69703479228202	3.82676742491081	0.443464314354451	1	1	Dmbx1
Pax7_467	1157	1433	0.887644328512793	1.09939008017185	0.807397069085834	0.999999978142426	1	Pax7
Nkx11_468	1988	2388	1.52518316774713	1.83206106870229	0.83249581239531	0.999999999524699	1	Nkx11
Uncx_469	1951	1014	1.49679696190878	0.777935478921324	1.92406311637081	2.24130308775571e-68	2.67744855348114e-67	Uncx
Hnf1a_470	2166	1899	1.66174383367218	1.45690283478461	1.14060031595577	1.29748621086929e-05	3.92800620002894e-05	Hnf1a
Lhx5_471	3797	3642	2.91303847481683	2.79412328819671	1.04255903349808	0.0350245903104795	0.0918745929806049	Lhx5
Pdx1_472	2011	1686	1.54282864705205	1.29349035252599	1.19276393831554	3.9334034604631e-08	1.27835612465051e-07	Pdx1
Cdx2_473	3592	3034	2.75576355057731	2.32766887874487	1.18391562294001	2.02692199936505e-12	8.21926168549863e-12	Cdx2
Cux1_474	2235	2363	1.71468027158694	1.81288119989259	0.945831570038087	0.972539927027297	1	Cux1
Pax4_475	1474	1712	1.13084506501976	1.31343741608807	0.860981308411215	0.999989879602197	1	Pax4
Nobox_476	2407	2049	1.84663776899766	1.57198204764279	1.17471937530503	3.38635357237796e-08	1.10871724369708e-07	Nobox
Dlx6_477	2122	1375	1.62798726456711	1.05489278453335	1.54327272727273	1.58701815395729e-37	1.20941728284331e-36	Dlx6
Dlx5_478	2168	2712	1.66327822317695	2.08063216847597	0.799410029498525	0.999999999999998	1	Dlx5
Hoxa1_479	2585	2900	1.9831984349227	2.22486478192489	0.891379310344828	0.999991964753749	1	Hoxa1
Dbx1_480	4645	4777	3.56361962484177	3.66488933215697	0.972367594724723	0.918590306285951	1	Dbx1
Cdx4_481	3739	3251	2.86854117917833	2.49415014001304	1.15010765918179	1.74316548798856e-09	6.13927606128241e-09	Cdx4
Isx_482	1741	1953	1.33568606390732	1.49833135141356	0.891449052739375	0.999792632663022	1	Isx
Irx3_483	1669	1925	1.28044804173539	1.4768498983467	0.867012987012987	0.999992144875362	1	Irx3
Irx5_484	2160	3281	1.65714066515785	2.51716598258468	0.658335873209387	1	1	Irx5
Irx6_485	604	4872	0.463385630442288	3.73777283363382	0.123973727422003	1	1	Irx6
Pbx4_486	4404	4632	3.37872568951628	3.55364609306072	0.950777202072539	0.992897422606273	1	Pbx4
Pou2f3_487	3061	4297	2.34838313705934	3.29663585101078	0.712357458692111	1	1	Pou2f3
Barx2_488	2382	2751	1.82745790018796	2.1105527638191	0.865866957470011	0.999999909615228	1	Barx2
Isl2_489	2674	4104	2.05147876788523	3.14856726379992	0.651559454191033	1	1	Isl2
Vsx1_490	2139	2706	1.6410295753577	2.07602899996164	0.790465631929047	1	1	Vsx1
Emx1_491	2178	2319	1.67095017070083	1.77912463078753	0.939197930142303	0.983666687781811	1	Emx1
Barhl2_492	2396	2612	1.83819862672139	2.00391269323718	0.917304747320061	0.999021567517528	1	Barhl2
Six4_493	1660	2680	1.2735432889639	2.05608193639956	0.619402985074627	1	1	Six4
Gbx2_494	2174	2964	1.66788139169128	2.27396524607772	0.733468286099865	1	1	Gbx2
Hdx_495	2723	6375	2.08907131075223	4.89086654647282	0.427137254901961	1	1	Hdx
Pbx2_496	4404	4632	3.37872568951628	3.55364609306072	0.950777202072539	0.992897422606273	1	Pbx2
Vax2_497	2476	2716	1.89957420691242	2.08370094748552	0.911634756995582	0.999636247075631	1	Vax2
Lbx2_498	3163	2116	2.42663700180291	1.62338409605278	1.49480151228733	1.58940277773022e-48	1.43370617909543e-47	Lbx2
Nkx61_499	3715	2857	2.85012850512102	2.19187540757221	1.30031501575079	4.01388892396935e-27	2.34985285350259e-26	Nkx61
Arx_500	2311	2116	1.77298707276842	1.62338409605278	1.0921550094518	0.00163464168824226	0.00455843297289008	Arx
Pknox2_501	5927	5800	4.54716329740305	4.44972956384978	1.02189655172414	0.116901470439617	0.291101126390482	Pknox2
Gsx2_502	2551	2762	1.95711381334152	2.11899190609536	0.923606082548878	0.998353188819952	1	Gsx2
Hoxc9_503	3530	3052	2.70819747592926	2.34147838428785	1.15661861074705	1.27968692941081e-09	4.56146469999659e-09	Hoxc9
Meox2_504	1500	1477	1.15079212858184	1.13314664927692	1.0155721056195	0.342545918841756	0.809653989989604	Meox2
Alx1_505	2311	2548	1.77298707276842	1.95481222908435	0.906985871271586	0.999716791494464	1	Alx1
Hoxa13_506	3818	3312	2.92914956461698	2.5409490199087	1.15277777777778	6.53508252410079e-10	2.39710080967017e-09	Hoxa13
Hoxa11_507	4488	4408	3.44317004871687	3.38179446852584	1.01814882032668	0.197037047910966	0.477207535214504	Hoxa11
Hoxa9_508	3470	2415	2.66216579078599	1.85277532701676	1.43685300207039	1.97692470478229e-44	1.63327237292294e-43	Hoxa9
Hoxa7_509	2532	2644	1.94253711304615	2.02846292531359	0.957639939485628	0.943689625042704	1	Hoxa7
Hoxa5_510	2547	3025	1.95404503433197	2.32076412597338	0.84198347107438	0.999999999957222	1	Hoxa5
Hoxb4_511	2722	3625	2.08830411599985	2.78108097740611	0.750896551724138	1	1	Hoxb4
Hoxb5_512	2293	3228	1.75917756722544	2.47650466070812	0.710346964064436	1	1	Hoxb5
Pbx3_513	5531	6173	4.24335417545744	4.73589320649047	0.895998704033695	0.999999999410349	1	Pbx3
Hoxb7_514	2053	1858	1.57505082665235	1.42544784993671	1.10495156081808	0.000885355640393777	0.00250850764778237	Hoxb7
Lmx1b_515	4267	4750	3.27362000843914	3.64417507384249	0.898315789473684	0.999999894093681	1	Lmx1b
Six3_516	1487	2443	1.1408185968008	1.87425678008362	0.608677855096193	1	1	Six3
En2_517	2114	2242	1.62184970654801	1.72005063485366	0.942908117752007	0.975648809004556	1	En2
Hlx_518	2231	4750	1.71161149257739	3.64417507384249	0.469684210526316	1	1	Hlx
Prrx2_519	2311	2116	1.77298707276842	1.62338409605278	1.0921550094518	0.00163464168824226	0.00455843297289008	Prrx2
Hmx3_520	2539	2264	1.94790747631286	1.73692891940619	1.12146643109541	3.28223929225886e-05	9.80236329174606e-05	Hmx3
Alx4_521	2311	3500	1.77298707276842	2.68518163335763	0.660285714285714	1	1	Alx4
Tlx3_522	3202	3258	2.45655759714604	2.49952050327976	0.98281154082259	0.76366231611918	1	Tlx3
Hesx1_523	2827	2548	2.16885956500058	1.95481222908435	1.10949764521193	6.3455998705742e-05	0.000188238600187503	Hesx1
ENSMUSG00000040953_524	1604	4282	1.23058038283018	3.28512792972496	0.374591312470808	1	1	ENSMUSG00000040953
Meis3_525	5708	7491	4.3791476466301	5.74705589013771	0.76198104391937	1	1	Meis3
Crx_526	2610	4595	2.0023783037324	3.52525988722237	0.568008705114255	1	1	Crx
Obox6_527	1604	4282	1.23058038283018	3.28512792972496	0.374591312470808	1	1	Obox6
Dlx1_528	2002	2316	1.53592389428056	1.77682304653036	0.864421416234888	0.99999933729326	1	Dlx1
Isl1_529	2674	4104	2.05147876788523	3.14856726379992	0.651559454191033	1	1	Isl1
Hoxd1_530	1735	3023	1.331082895393	2.3192297364686	0.573933178961297	1	1	Hoxd1
Hoxd4_531	2287	3665	1.75457439871111	2.81176876750163	0.624010914051842	1	1	Hoxd4
Hoxd11_532	2023	2181	1.55203498408071	1.673251754958	0.927556166895919	0.993291675432492	1	Hoxd11
Hoxa6_533	2725	3139	2.09060570025701	2.4082243277456	0.868110863332271	0.999999979158058	1	Hoxa6
Hoxd9_534	4283	4938	3.28589512447735	3.78840768729142	0.867355204536249	0.999999999998279	1	Hoxd9
Emx2_535	2129	2286	1.63335762783383	1.75380720395872	0.931321084864392	0.991768654521704	1	Emx2
Nkx26_536	3468	3592	2.66063140128122	2.75576355057731	0.965478841870824	0.93425578404397	1	Nkx26
Nkx23_537	3142	3544	2.41052591200276	2.7189382024627	0.886568848758465	0.999999704967919	1	Nkx23
Gm4830_538	3376	5523	2.59004948406153	4.23721661743834	0.611261995292414	1	1	Gm4830
Prop1_539	2231	4750	1.71161149257739	3.64417507384249	0.469684210526316	1	1	Prop1
Pou3f3_540	2027	3344	1.55510376309026	2.56549925198512	0.60616028708134	1	1	Pou3f3
Dbx2_541	2168	3447	1.66327822317695	2.64452031148107	0.628952712503626	1	1	Dbx2
Tgif1_542	5946	5406	4.56173999769842	4.14745483140895	1.09988901220866	1.14792133480834e-07	3.69004530898389e-07	Tgif1
Msx1_543	2185	4104	1.67632053396755	3.14856726379992	0.532407407407407	1	1	Msx1
Duxbl_544	4050	3583	3.10713874717097	2.74885879780582	1.1303377058331	3.0602817650626e-08	1.02086380389258e-07	Duxbl
Nkx12_545	2268	2039	1.73999769841574	1.56431010011892	1.11230995586072	0.000229214153093153	0.00066873040044339	Nkx12
Hoxb3_546	2377	2985	1.82362192642602	2.29007633587786	0.796314907872697	1	1	Hoxb3
Hoxb13_547	3555	3919	2.72737734473896	3.00663623460815	0.907119163051799	0.99999084739248	1	Hoxb13
Nkx32_548	3208	3317	2.46116076566036	2.54478499367064	0.967138981006934	0.916075740847997	1	Nkx32
Hmx2_549	2530	2859	1.94100272354137	2.19340979707699	0.884924798880728	0.999997237983259	1	Hmx2
Hoxc12_550	2584	3509	1.98243124017032	2.69208638612912	0.736392134511257	1	1	Hoxc12
Hoxd10_551	3640	3323	2.79258889869193	2.54938816218497	1.09539572675293	6.17297860615008e-05	0.000183734447401908	Hoxd10
Rhox11_552	3589	3498	2.75346196632015	2.68364724385285	1.02601486563751	0.139200190734045	0.343723376002502	Rhox11
Six1_553	1087	2111	0.83394069584564	1.61954812229084	0.514921837991473	1	1	Six1
Pbx1_554	2167	3819	1.66251102842457	2.92991675936937	0.567426027755957	1	1	Pbx1
Pou3f2_555	2843	3394	2.18113468103878	2.60385898960451	0.837654684737773	0.999999999999275	1	Pou3f2
Gsx1_556	2764	3538	2.12052629560014	2.71433503394837	0.781232334652346	1	1	Gsx1
Nkx24_557	3241	3948	2.48647819248916	3.0288848824274	0.820921985815603	1	1	Nkx24
Obox1_558	3501	5716	2.68594882811002	4.3852852046492	0.612491252624213	1	1	Obox1
Bsx_559	2160	2914	1.65714066515785	2.23560550845832	0.741249142072752	1	1	Bsx
Hoxb8_560	2611	3340	2.00314549848479	2.56243047297556	0.781736526946108	1	1	Hoxb8
Pou3f4_561	4845	3962	3.71705857531935	3.03962560896083	1.2228672387683	5.39860271286721e-22	2.90997853547233e-21	Pou3f4
Homez_562	311	197	0.238597567992635	0.151137366220415	1.57868020304569	2.34410438020662e-07	7.45391464785126e-07	Homez
En1_563	2103	3690	1.61341056427174	2.83094863631133	0.569918699186992	1	1	En1
Nkx29_564	3635	3950	2.78875292492999	3.03041927193218	0.920253164556962	0.999884655018777	1	Nkx29
Irx1_565	3798	4223	2.91380566956922	3.23986343933408	0.899360644091878	0.999999326023248	1	Irx1
Tgif2_566	6158	6351	4.72438528520465	4.87245387241551	0.969611084868525	0.962278659073035	1	Tgif2
Nkx63_567	3315	2802	2.54325060416587	2.14967969619088	1.1830835117773	1.69838480676185e-11	6.47143176369602e-11	Nkx63
Rhox8_568	1701	2338	1.30499827381181	1.7937013310829	0.727544910179641	1	1	Rhox8
Obox3_569	2924	6111	2.2432774559822	4.68832713184242	0.478481426935035	1	1	Obox3
Hmx1_570	2529	2639	1.94023552878898	2.02462695155165	0.958317544524441	0.940575402850128	1	Hmx1
Gbx1_571	2245	3026	1.72235221911082	2.32153132072577	0.741903502974223	1	1	Gbx1
Rhox9_572	2628	2116	2.01618780927538	1.62338409605278	1.24196597353497	3.32742928504314e-14	1.44188602351869e-13	Rhox9
Noto_573	1638	2010	1.25666500441137	1.54206145229967	0.814925373134328	0.999999999758491	1	Noto
Tlx2_574	4125	2735	3.16467835360006	2.09827764778089	1.50822669104205	1.6724491606676e-65	1.92005851692228e-64	Tlx2
Gm10391_575	4050	3583	3.10713874717097	2.74885879780582	1.1303377058331	3.0602817650626e-08	1.02086380389258e-07	Gm10391
Gm10394_576	4050	3583	3.10713874717097	2.74885879780582	1.1303377058331	3.0602817650626e-08	1.02086380389258e-07	Gm10394
Cphx_577	3768	4816	2.89078982699758	3.6948099275001	0.782392026578073	1	1	Cphx
Obox5_578	3062	4198	2.34915033181173	3.22068357052438	0.729394949976179	1	1	Obox5
AC1890281_579	3852	4198	2.95523418619817	3.22068357052438	0.917579799904716	0.999957384756406	1	AC1890281
Gm5889_580	2924	6111	2.2432774559822	4.68832713184242	0.478481426935035	1	1	Gm5889
Hoxc4_581	2806	3868	2.15274847520043	2.96750930223637	0.725439503619441	1	1	Hoxc4
Hoxb2_582	2671	3322	2.04917718362806	2.54862096743258	0.804033714629741	1	1	Hoxb2
Hoxd3_583	2022	2089	1.55126778932832	1.60266983773831	0.967927237912877	0.857470886406219	1	Hoxd3
Hoxa3_584	3022	3880	2.31846254171621	2.97671563926503	0.778865979381443	1	1	Hoxa3
NP_585	2296	2312	1.7614791514826	1.77375426752081	0.993079584775086	0.599739410759932	1	NP
NP_586	1726	2082	1.3241781426215	1.59729947447159	0.829010566762728	0.99999999726224	1	NP
NP_587	2155	2197	1.65330469139591	1.6855268709962	0.980883022303141	0.744511576859055	1	NP
NP_588	1883	1886	1.4446277187464	1.44692930300357	0.998409331919406	0.526163654334718	1	NP
NP_589	2881	3155	2.21028808162952	2.4204994437838	0.913153724247227	0.999829443852183	1	NP
NP_590	2539	2264	1.94790747631286	1.73692891940619	1.12146643109541	3.28223929225886e-05	9.80236329174606e-05	NP
NP_591	4410	4636	3.38332885803061	3.55671487207027	0.951251078515962	0.992436414186044	1	NP
NP_592	2611	3340	2.00314549848479	2.56243047297556	0.781736526946108	1	1	NP
NP_593	2601	2212	1.99547355096091	1.69703479228202	1.17585895117541	8.11641210426773e-09	2.78097220936925e-08	NP
NP_594	3530	3052	2.70819747592926	2.34147838428785	1.15661861074705	1.27968692941081e-09	4.56146469999659e-09	NP
NP_595	4577	3484	3.51145038167939	2.67290651731942	1.31371986222732	1.81849735824056e-35	1.26578871235012e-34	NP
NP_596	3937	3267	3.02044574015114	2.50642525605125	1.20508111417202	6.28263358200773e-16	2.87764149559318e-15	NP
NP_597	1903	2247	1.45997161379416	1.7238866086156	0.846906987093903	0.999999966965118	1	NP
NP_598	2792	3157	2.142007748667	2.42203383328858	0.884383908774153	0.999999213597967	1	NP
NP_599	4590	3404	3.52142391346043	2.61153093712839	1.34841363102233	9.50120264540289e-42	7.56672354823077e-41	NP
NP_600	3856	3758	2.95830296520772	2.8831178794737	1.02607770090474	0.129608337559449	0.320934931099588	NP
NP_601	7719	6453	5.92197629368215	4.95070773715908	1.19618781961878	3.95837831242241e-28	2.3967167316311e-27	NP
NP_602	4971	4383	3.81372511412022	3.36261459971614	1.13415468856947	3.14218365004349e-10	1.17202124330736e-09	NP
NP_603	1584	1382	1.21523648778242	1.06026314780007	1.14616497829233	0.000102329194254616	0.000300528264854089	NP
NP_604	4932	3982	3.78380451877709	3.05496950400859	1.23857358111502	6.75847598304842e-25	3.82980305706077e-24	NP
NP_605	2584	3509	1.98243124017032	2.69208638612912	0.736392134511257	1	1	NP
NP_606	3715	2857	2.85012850512102	2.19187540757221	1.30031501575079	4.01388892396935e-27	2.34985285350259e-26	NP
NP_607	7168	5531	5.49925198511642	4.24335417545744	1.29596817935274	1.54268124100414e-50	1.42055230942464e-49	NP
NP_608	3062	4198	2.34915033181173	3.22068357052438	0.729394949976179	1	1	NP
Q8VHG7_609	3852	4198	2.95523418619817	3.22068357052438	0.917579799904716	0.999957384756406	1	Q8VHG7
Nkx11_610	1988	2388	1.52518316774713	1.83206106870229	0.83249581239531	0.999999999524699	1	Nkx11
Dobox4_611	3060	3495	2.34761594230695	2.68134565959569	0.875536480686695	0.999999975662683	1	Dobox4
Pax2_612	1237	1255	0.949019908703824	0.962829414246807	0.985657370517928	0.648929173000661	1	Pax2
Pax3_613	1162	890	0.891480302274732	0.682803329625225	1.30561797752809	9.01486038894832e-10	3.26603958353701e-09	Pax3
Pax6_614	3065	1444	2.35145191606889	1.10782922244812	2.12257617728532	5.39340918775342e-134	1.40228638881589e-132	Pax6
Pou1f1_615	3526	3015	2.70512869691971	2.3130921784495	1.16948590381426	8.3143601624279e-11	3.1544611088353e-10	Pou1f1
Pou2f2_616	3301	2354	2.53250987763244	1.8059764471211	1.40229396771453	1.60604478200781e-37	1.21345605751701e-36	Pou2f2
Pou6f2_617	3573	4039	2.74118685028194	3.0986996048947	0.884624907155236	0.999999972468514	1	Pou6f2
Pou5f1_618	7226	9303	5.54374928075492	7.13721278146457	0.776738686445233	1	1	Pou5f1
Pou2f1_619	3119	3322	2.39288043269784	2.54862096743258	0.93889223359422	0.994974141298358	1	Pou2f1
Pou3f1_620	3714	3265	2.84936131036864	2.50489086654647	1.1375191424196	2.69880309024854e-08	9.10588523580043e-08	Pou3f1
Pit1_621	5135	3799	3.93954505351183	2.91457286432161	1.35167149249803	2.64951428129868e-47	2.34217062466803e-46	Pit1
Pit1_622	4131	4378	3.16928152211439	3.3587786259542	0.943581544084057	0.996868247431499	1	Pit1
Pit1_623	5724	6718	4.3914227626683	5.15401434654187	0.852039297409943	1	1	Pit1
Pit1_624	5509	4755	4.22647589090491	3.64801104760443	1.15856992639327	1.64289852558104e-14	7.22548406275441e-14	Pit1
Hsf2_625	2381	2193	1.82669070543557	1.68245809198665	1.08572731418149	0.0026361878914339	0.0072148300186612	Hsf2
Hsf1_626	8197	6962	6.28869538532356	5.34120986612452	1.17739155415111	2.50685451176204e-25	1.43899960285561e-24	Hsf1
Hsf4_627	5010	4046	3.84364570946335	3.10406996816142	1.23826000988631	3.1989247850093e-25	1.82441903867627e-24	Hsf4
Hsfy2_628	790	719	0.606083854386436	0.551613026966896	1.09874826147427	0.0353455931935349	0.0921976935344707	Hsfy2
Irf9_629	1688	1544	1.29502474203076	1.18454869768691	1.09326424870466	0.00567968723020635	0.0153074497301903	Irf9
Irf3_630	4994	5698	3.83137059342514	4.37147569910622	0.876447876447876	0.999999999998354	1	Irf3
Irf1_631	18808	18200	14.4293989029115	13.9629444934597	1.03340659340659	0.000329132308775227	0.0009508266697951	Irf1
Irf4_632	1799	1603	1.38018335954582	1.22981318807779	1.12227074235808	0.000381195660524422	0.00109764483356218	Irf4
Irf7_633	8506	8582	6.52575856381142	6.5840653649929	0.991144255418317	0.728853247962904	1	Irf7
Irf6_634	1065	751	0.817062411293107	0.576163259043308	1.41810918774967	7.41883543251993e-14	3.18361675842117e-13	Irf6
Irf5_635	1290	967	0.989681230580383	0.741877325559093	1.33402275077559	4.59545194519285e-12	1.8299006844822e-11	Irf5
Irf2_636	4235	3898	3.24906977636273	2.99052514480801	1.08645459209851	7.66224633543914e-05	0.000225780858684273	Irf2
Naif1_637	661	306	0.507115731328398	0.234761594230695	2.16013071895425	4.26910245457541e-31	2.69563326417476e-30	Naif1
Mef2c_638	9692	7517	7.43565154014347	5.7670029536998	1.28934415325263	2.25507622303401e-66	2.62300971205535e-65	Mef2c
Srf_639	1549	1370	1.18838467144885	1.05105681077141	1.13065693430657	0.000459647968268235	0.00131924936347117	Srf
Mef2a_640	7874	5642	6.04089148030227	4.3285127929725	1.3956043956044	3.97445175730636e-87	6.75656798742081e-86	Mef2a
Mbd2_641	5221	2101	4.00552380221719	1.61187617476696	2.4850071394574	5.76414184159315e-309	5.66166820885372e-307	Mbd2
Mecp2_642	3360	3318	2.57777436802332	2.54555218842303	1.0126582278481	0.305633059836691	0.724342157897145	Mecp2
Mybl2_643	621	404	0.476427941232882	0.309946679964709	1.53712871287129	5.81311258796094e-12	2.30439081962218e-11	Mybl2
Myb_644	685	485	0.525528405385707	0.372089454908128	1.41237113402062	2.5382639295061e-09	8.83395792788736e-09	Myb
Cdc5l_645	3387	2913	2.5984886263378	2.23483831370593	1.16271884654995	7.93465639228689e-10	2.89844473172794e-09	Cdc5l
Smarcc2_646	6149	6076	4.71748053243316	4.66147531550884	1.01201448321264	0.252381009020612	0.602985978308705	Smarcc2
Mybl1_647	764	420	0.586136790824351	0.322221796002915	1.81904761904762	4.06722997040534e-24	2.24714455864895e-23	Mybl1
Terf2_648	2911	3133	2.23330392420116	2.40362115923127	0.929141398021066	0.99814927463169	1	Terf2
Mypop_649	1046	481	0.802485710997737	0.369020675898577	2.17463617463617	7.04348633156276e-49	6.41901228567163e-48	Mypop
Prdm11_650	1060	510	0.813226437531167	0.391269323717826	2.07843137254902	4.19096101661934e-45	3.56231686412644e-44	Prdm11
Gm239_651	364	550	0.279258889869193	0.421957113813342	0.661818181818182	0.999999999747565	1	Gm239
Gm98_652	1713	2496	1.31420461084046	1.91491810196018	0.686298076923077	1	1	Gm98
Pparg_653	3391	4861	2.60155740534735	3.72933369135755	0.697593087842008	1	1	Pparg
Rarg_654	4208	6576	3.22835551804826	5.04507269170279	0.639902676399027	1	1	Rarg
Nr1h3_655	4723	6321	3.62346081552802	4.84943802984388	0.74719190001582	1	1	Nr1h3
Ppard_656	6415	8676	4.92155433656834	6.65618167171736	0.739396035039189	1	1	Ppard
Nr2f6_657	4887	6600	3.74928075491964	5.0634853657601	0.740454545454545	1	1	Nr2f6
Nr1i3_658	5669	5813	4.34922705128697	4.45970309563083	0.975227937381731	0.916824175227243	1	Nr1i3
Nr2c2_659	4586	3606	3.51835513445088	2.76650427711074	1.27176927343317	1.84366110794326e-28	1.12399753063575e-27	Nr2c2
Nr2c1_660	4522	6530	3.46925467029806	5.00978173309295	0.69249617151608	1	1	Nr2c1
Rxrg_661	2256	4240	1.73079136138709	3.25290575012467	0.532075471698113	1	1	Rxrg
Rxra_662	3699	5691	2.83785338908282	4.3661053358395	0.649973642593569	1	1	Rxra
Rarb_663	4579	6645	3.51298477118417	5.09800912961755	0.689089541008277	1	1	Rarb
Hnf4g_664	8329	10222	6.38996509263877	7.84226475890905	0.814811191547642	1	1	Hnf4g
Hnf4a_665	3199	5001	2.45425601288887	3.83674095669186	0.639672065586883	1	1	Hnf4a
Esr1_666	3300	4645	2.53174268288005	3.56361962484177	0.710441334768568	1	1	Esr1
Nr2e1_667	4843	5149	3.71552418581457	3.95028578004526	0.940570984657215	0.999132042988369	1	Nr2e1
Esr2_668	5317	8044	4.07917449844643	6.17131458820822	0.660989557434112	1	1	Esr2
Esrrb_669	5100	7724	3.91269323717826	5.92581226744409	0.660279647850855	1	1	Esrrb
Ppara_670	5129	5948	3.93494188499751	4.56327438720319	0.862306657700067	0.999999999999999	1	Ppara
Vdr_671	3032	3777	2.32613448924009	2.89769457976907	0.802753508075192	1	1	Vdr
Nr1i2_672	5505	5487	4.22340711189535	4.20959760635237	1.00328048113723	0.434205565321696	1	Nr1i2
Nr3c1_673	6191	7496	4.74970271203345	5.75089186389965	0.825907150480256	1	1	Nr3c1
Esrra_674	4089	6531	3.1370593425141	5.01054892784533	0.626090950849793	1	1	Esrra
Nr5a2_675	3703	7696	2.84092216809237	5.90433081437723	0.481159043659044	1	1	Nr5a2
Esrrg_676	3703	7696	2.84092216809237	5.90433081437723	0.481159043659044	1	1	Esrrg
Nr4a2_677	3942	5249	3.02428171391308	4.02700525528405	0.751000190512479	1	1	Nr4a2
Rorc_678	4072	4677	3.1240170317235	3.58816985691818	0.870643574941202	0.999999999978421	1	Rorc
Nr4a3_679	6100	8925	4.67988798956615	6.84721316506195	0.683473389355742	1	1	Nr4a3
Nr2f2_680	3250	5634	2.49338294526065	4.32237523495339	0.576854810081647	1	1	Nr2f2
Nr3c2_681	2726	3586	2.0913728950094	2.75116038206299	0.760178471834914	1	1	Nr3c2
Rora_682	3717	3545	2.8516628946258	2.71970539721508	1.04851904090268	0.0209128826468009	0.0558519282772569	Rora
Nr2e3_683	4641	5334	3.56055084583221	4.09221680923702	0.87007874015748	0.999999999999321	1	Nr2e3
Rorb_684	2495	3644	1.91415090720779	2.79565767770148	0.684687156970362	1	1	Rorb
Rara_685	4586	6402	3.51835513445088	4.9115808047873	0.716338644173696	1	1	Rara
Rxrb_686	3250	4985	2.49338294526065	3.82446584065365	0.651955867602808	1	1	Rxrb
Ar_687	4959	6414	3.80451877709156	4.92078714181595	0.773152478952292	1	1	Ar
Nr1h2_688	4723	6321	3.62346081552802	4.84943802984388	0.74719190001582	1	1	Nr1h2
Nr6a1_689	5028	7249	3.85745521500633	5.56139476005984	0.69361291212581	1	1	Nr6a1
Nr2f1_690	3250	4863	2.49338294526065	3.73086808086233	0.668311741723216	1	1	Nr2f1
Trp73_691	2169	2701	1.66404541792934	2.0721930261997	0.803035912624954	0.999999999999994	1	Trp73
Trp53_692	4112	5160	3.15470482181902	3.95872492232153	0.796899224806202	1	1	Trp53
Pax9_693	1636	1994	1.25513061490659	1.52978633626146	0.820461384152457	0.999999999044439	1	Pax9
Pax5_694	4582	4379	3.51528635544133	3.35954582070659	1.04635761589404	0.0149423849264037	0.0401491436928293	Pax5
Lcor_695	3678	3187	2.82174229928267	2.44504967586022	1.15406338249137	1.01256149848742e-09	3.65348720270563e-09	Lcor
Nfat5_696	7886	5870	6.05009781733093	4.50343319651694	1.34344122657581	2.8694552909963e-70	3.6237121103439e-69	Nfat5
Rel_697	4344	4510	3.33269400437301	3.4600483332694	0.963192904656319	0.964521623173643	1	Rel
Rela_698	6806	6774	5.221527484752	5.19697725267559	1.00472394449365	0.392338636720378	0.922413177821314	Rela
Nfkb2_699	2085	2575	1.59960105872876	1.97552648739883	0.809708737864078	0.999999999999813	1	Nfkb2
Nfatc2_700	7024	5659	5.38877594077257	4.34155510376309	1.24120869411557	9.11244680103666e-36	6.54910810741171e-35	Nfatc2
Nfkb1_701	5245	6093	4.0239364762745	4.67451762629944	0.860823896274413	1	1	Nfkb1
Nfatc3_702	6005	4967	4.6070044880893	3.81065633511067	1.2089792631367	2.19899260749639e-24	1.22258456919925e-23	Nfatc3
Nfatc1_703	5473	4766	4.19885687981894	3.6564501898807	1.14834242551406	5.35858194085886e-13	2.24501726811338e-12	Nfatc1
Rfx5_704	7598	9277	5.82914572864322	7.11726571790249	0.819014767705077	1	1	Rfx5
Rfx6_705	5261	7281	4.03621159231271	5.58594499213625	0.722565581650872	1	1	Rfx6
Rfx4_706	5386	7107	4.1321109363612	5.45245310522076	0.757844378781483	1	1	Rfx4
Rfx2_707	3826	3839	2.93528712263608	2.94526065441712	0.996613701484762	0.564469544208146	1	Rfx2
Rfx1_708	6251	7929	4.79573439717672	6.08308719168361	0.788371799722538	1	1	Rfx1
Rfx7_709	5026	6338	3.85592082550155	4.86248034063447	0.792994635531713	1	1	Rfx7
Rfx3_710	3739	4665	2.86854117917833	3.57896351988952	0.80150053590568	1	1	Rfx3
Rfx8_711	3826	3839	2.93528712263608	2.94526065441712	0.996613701484762	0.564469544208146	1	Rfx8
Runx1_712	9155	10779	7.02366795811117	8.2695922359891	0.849336673160776	1	1	Runx1
Runx2_713	9449	11688	7.24922321531321	8.9669722659097	0.808436002737851	1	1	Runx2
Sp100_714	1116	605	0.856189343664889	0.464152825194676	1.84462809917355	9.39248219928291e-36	6.69593085819846e-35	Sp100
Gmeb1_715	827	570	0.634470060224788	0.437301008861099	1.45087719298246	2.85714314738245e-12	1.14285725895298e-11	Gmeb1
Gmeb2_716	707	469	0.542406689938241	0.359814338869922	1.50746268656716	1.82779209925759e-12	7.44593647808161e-12	Gmeb2
Sp140_717	858	414	0.658253097548813	0.317618627488588	2.07246376811594	1.33050138716609e-36	9.64068218241662e-36	Sp140
Sp110_718	6964	7519	5.34274425562929	5.76853734320457	0.92618699295119	0.999999005354613	1	Sp110
AC1689771_719	6964	7519	5.34274425562929	5.76853734320457	0.92618699295119	0.999999005354613	1	AC1689771
IRC900814_720	858	414	0.658253097548813	0.317618627488588	2.07246376811594	1.33050138716609e-36	9.64068218241662e-36	IRC900814
IRC900814_721	947	241	0.726533430511335	0.184893935325482	3.92946058091286	5.72760293174593e-100	1.07727680673689e-98	IRC900814
Nfix_722	6168	4455	4.73205723272853	3.41785262188807	1.38451178451178	4.47396712323803e-65	5.0704960730031e-64	Nfix
Smad3_723	6069	6612	4.65610495224213	5.07269170278875	0.917876588021779	0.999999635532629	1	Smad3
Nfic_724	17450	19803	13.3875484291687	15.1927576815375	0.881179619249609	1	1	Nfic
Sox9_725	2759	7846	2.1166903218382	6.01941002723541	0.351644149885292	1	1	Sox9
Tcf7_726	4734	6114	3.63189995780429	4.69062871609958	0.774288518155054	1	1	Tcf7
Hbp1_727	3722	3480	2.85549886838774	2.66983773830987	1.06954022988506	0.00198770060412677	0.00552555765423921	Hbp1
Cic_728	5983	7007	4.59012620353677	5.37573362998197	0.853860425288997	1	1	Cic
Hmg20b_729	5365	4234	4.11599984656105	3.24830258161034	1.26712328767123	2.95453371121839e-32	1.9346724449756e-31	Hmg20b
Bbx_730	832	3088	0.638306033986727	2.36909739537382	0.269430051813472	1	1	Bbx
Sox8_731	4593	6635	3.5237254977176	5.09033718209367	0.692238131122833	1	1	Sox8
Tcf7l2_732	5749	7024	4.410602631478	5.38877594077257	0.818479498861048	1	1	Tcf7l2
Sox17_733	3736	4838	2.86623959492117	3.71168821205263	0.772219925589086	1	1	Sox17
Lef1_734	5904	6947	4.52951781809812	5.3297019448387	0.849863250323881	1	1	Lef1
Sox10_735	3955	5631	3.03425524569412	4.32007365069623	0.702361925057716	1	1	Sox10
Sox30_736	3553	8005	2.72584295523419	6.14139399286509	0.443847595252967	1	1	Sox30
Sox15_737	4131	6411	3.16928152211439	4.91848555755879	0.644361254094525	1	1	Sox15
Sox5_738	3065	6635	2.35145191606889	5.09033718209367	0.461944235116805	1	1	Sox5
Sox3_739	4172	4684	3.20073650696229	3.59354022018489	0.89069171648164	0.999999985531869	1	Sox3
Sox18_740	4593	4999	3.5237254977176	3.83520656718708	0.91878375675135	0.999988565602938	1	Sox18
Sox12_741	4265	8593	3.27208561893437	6.59250450726917	0.49633422553241	1	1	Sox12
Sox6_742	4247	5911	3.25827611339138	4.53488818136484	0.71849094907799	1	1	Sox6
Sox14_743	3292	4799	2.52560512486095	3.6817676167095	0.685976245051052	1	1	Sox14
Tcf7l1_744	3989	3842	3.06033986727531	2.94756223867429	1.03826132222801	0.0469443168090613	0.121697290496218	Tcf7l1
Sox21_745	4201	7373	3.22298515478154	5.65652690935594	0.569781635697816	1	1	Sox21
Sox7_746	4593	4999	3.5237254977176	3.83520656718708	0.91878375675135	0.999988565602938	1	Sox7
Sox11_747	3850	7275	2.95369979669339	5.58134182362193	0.529209621993127	1	1	Sox11
Sry_748	3484	8097	2.67290651731942	6.21197591008478	0.430282820797826	1	1	Sry
Sox13_749	3647	3376	2.79795926195865	2.59004948406153	1.08027251184834	0.000544470090563301	0.00155764258918433	Sox13
Sox2_750	7606	11581	5.83528328666232	8.8848824274042	0.656765391589673	1	1	Sox2
Sox4_751	7417	15941	5.69028347846101	12.2298515478154	0.465278213411957	1	1	Sox4
ENSMUSG00000079994_752	4085	4828	3.13399056350455	3.70401626452875	0.846106048053024	1	1	ENSMUSG00000079994
Stat6_753	7418	6909	5.69105067321339	5.30054854424796	1.07367202200029	6.32201409474251e-06	1.92712429646634e-05	Stat6
Stat3_754	8393	9026	6.43906555679159	6.92469983505313	0.929869266563262	0.999999670749893	1	Stat3
Stat5a_755	5393	4731	4.13748129962791	3.62959837354712	1.13992813358698	1.02064976379832e-11	4.02792138927553e-11	Stat5a
Stat5b_756	5661	4819	4.34308949326787	3.69711151175726	1.17472504669018	2.4370157477892e-17	1.16449833570035e-16	Stat5b
Stat1_757	7532	7723	5.77851087498562	5.9250450726917	0.97526867797488	0.945434366871911	1	Stat1
Stat2_758	12217	11002	9.3728182899229	8.4406766657716	1.11043446646064	3.43748783704034e-17	1.63373077846433e-16	Stat2
Stat4_759	9248	9053	7.09501707008324	6.9454140933676	1.02153982105379	0.0684797558367919	0.176490099591032	Stat4
Tbx2_760	3576	4372	2.74348843453911	3.35417545743987	0.817932296431839	1	1	Tbx2
Tbx4_761	2766	4558	2.12206068510491	3.49687368138402	0.606845107503291	1	1	Tbx4
Tbx21_762	1564	2456	1.19989259273467	1.88423031186467	0.636807817589576	1	1	Tbx21
Tbx1_763	4123	5050	3.16314396409529	3.87433349955886	0.816435643564356	1	1	Tbx1
Tbx5_764	2766	4558	2.12206068510491	3.49687368138402	0.606845107503291	1	1	Tbx5
Tbx3_765	3367	4091	2.58314473129004	3.13859373201887	0.823026154974334	1	1	Tbx3
Tbx19_766	1675	2187	1.28505121024972	1.67785492347232	0.76588934613626	1	1	Tbx19
Tbx20_767	3434	4295	2.63454677970003	3.295101461506	0.79953434225844	1	1	Tbx20
Eomes_768	3403	4509	2.610763742376	3.45928113851701	0.754712796628964	1	1	Eomes
Tbr1_769	2823	3443	2.16579078599102	2.64145153247152	0.819924484461226	0.999999999999999	1	Tbr1
Tbx10_770	4123	5050	3.16314396409529	3.87433349955886	0.816435643564356	1	1	Tbx10
T_771	2589	3654	1.98626721393226	2.80332962522536	0.708538587848933	1	1	T
Tbp_772	4114	6077	3.15623921132379	4.66224251026123	0.676978772420602	1	1	Tbp
Tbpl2_773	4114	6077	3.15623921132379	4.66224251026123	0.676978772420602	1	1	Tbpl2
Prkrir_774	1967	2605	1.50907207794699	1.99854232997046	0.755086372360844	1	1	Prkrir
Spz1_775	3884	5480	2.97978441827458	4.20422724308566	0.708759124087591	1	1	Spz1
Hmga1_776	1232	2622	0.945183934941885	2.01158464076106	0.469870327993898	1	1	Hmga1
Hmga1rs1_777	1232	2622	0.945183934941885	2.01158464076106	0.469870327993898	1	1	Hmga1rs1
Myf5_778	8654	9887	6.63930338716483	7.5852545168591	0.875290785880449	1	1	Myf5
Mlxipl_779	1815	1452	1.39245847558403	1.11396678046722	1.25	8.87011678431791e-11	3.33667371801576e-10	Mlxipl
Ascl1_780	8598	8901	6.59634048103111	6.82880049100464	0.965958881024604	0.991329104702877	1	Ascl1
Tal2_781	3397	3318	2.60616057386168	2.54555218842303	1.02380952380952	0.167433431107942	0.408870588672433	Tal2
Tal1_782	6619	7261	5.07806206605547	5.5706010970885	0.911582426662994	0.999999989887782	1	Tal1
Lyl1_783	6619	7261	5.07806206605547	5.5706010970885	0.911582426662994	0.999999989887782	1	Lyl1
Neurod1_784	2111	1776	1.61954812229084	1.3625378802409	1.18862612612613	3.31766707314191e-08	1.0902668002444e-07	Neurod1
Twist1_785	2494	3027	1.91338371245541	2.32229851547815	0.82391807069706	0.99999999999982	1	Twist1
Neurod6_786	2111	1776	1.61954812229084	1.3625378802409	1.18862612612613	3.31766707314191e-08	1.0902668002444e-07	Neurod6
Neurod4_787	2111	1776	1.61954812229084	1.3625378802409	1.18862612612613	3.31766707314191e-08	1.0902668002444e-07	Neurod4
Ddit3_788	2594	2893	1.9901031876942	2.21949441865818	0.896647079156585	0.999978821766375	1	Ddit3
Batf3_789	5674	5057	4.35306302504891	3.87970386282558	1.12200909630216	6.22456092560265e-10	2.29271327426364e-09	Batf3
Batf_790	5674	5057	4.35306302504891	3.87970386282558	1.12200909630216	6.22456092560265e-10	2.29271327426364e-09	Batf
Atf5_791	2656	2542	2.03766926234225	1.95020906057003	1.04484657749803	0.0566845655994203	0.146517999970432	Atf5
Mafa_792	4979	5144	3.81986267213932	3.94644980628333	0.967923794712286	0.953803322017182	1	Mafa
Maf_793	4979	5144	3.81986267213932	3.94644980628333	0.967923794712286	0.953803322017182	1	Maf
Klf6_794	11480	12817	8.80739575741302	9.83313514135563	0.895685417804478	1	1	Klf6
Bcl11a_795	14270	14102	10.9478691165752	10.8189803981741	1.01191320380088	0.146801779144421	0.360479924343522	Bcl11a
Ikzf4_796	4247	4568	3.25827611339138	3.5045456289079	0.929728546409807	0.999757993904427	1	Ikzf4
Hivep2_797	5968	7194	4.57861828225095	5.51919904867851	0.829580205726995	1	1	Hivep2
Klf11_798	9836	7735	7.54612758448732	5.93425140972036	1.27162249515191	6.53009790014232e-61	7.03976407771441e-60	Klf11
Snai2_799	7807	10257	5.98948943189229	7.86911657524263	0.761138734522765	1	1	Snai2
Zfp148_800	25208	25095	19.339445318194	19.2527523111742	1.00450288902172	0.289149754318382	0.687119308649059	Zfp148
Gli1_801	4777	6823	3.66488933215697	5.2345697955426	0.700131906785871	1	1	Gli1
Sp3_802	13494	8761	10.3525259887222	6.72139322567034	1.54023513297569	3.36339026032907e-243	2.47769749177575e-241	Sp3
Hivep3_803	5968	7194	4.57861828225095	5.51919904867851	0.829580205726995	1	1	Hivep3
Klf3_804	11480	12817	8.80739575741302	9.83313514135563	0.895685417804478	1	1	Klf3
Rest_805	7766	8115	5.95803444704438	6.22578541562776	0.956993222427603	0.99792221913371	1	Rest
Klf15_806	18825	17373	14.4424412137021	13.3284744332349	1.08357796580901	1.02321157681513e-16	4.81127145693923e-16	Klf15
Maz_807	27379	29105	21.0050251256281	22.3292032682496	0.940697474660711	1	1	Maz
Zbtb7a_808	2486	1749	1.9072461544363	1.34182362192643	1.42138364779874	1.46315452157894e-30	9.04495522430615e-30	Zbtb7a
Ovol2_809	558	449	0.428094671832445	0.344470443822164	1.24276169265033	0.000321319200687977	0.00093129892920712	Ovol2
Klf10_810	5471	5654	4.19732249031417	4.33771913000115	0.967633533781394	0.962704614160588	1	Klf10
Zfp384_811	5109	3971	3.91959798994975	3.04653036173233	1.28657768823974	2.51284216433613e-34	1.67018982952868e-33	Zfp384
Zbtb7c_812	2486	1749	1.9072461544363	1.34182362192643	1.42138364779874	1.46315452157894e-30	9.04495522430615e-30	Zbtb7c
Mbtps2_813	5626	7593	4.31623767693429	5.82530975488128	0.740945607796655	1	1	Mbtps2
Bcl11b_814	14270	14102	10.9478691165752	10.8189803981741	1.01191320380088	0.146801779144421	0.360479924343522	Bcl11b
Gli2_815	4777	6823	3.66488933215697	5.2345697955426	0.700131906785871	1	1	Gli2
Zfp219_816	11834	12165	9.07898269975833	9.33292416279873	0.972790793259351	0.987748433109327	1	Zfp219
Klf13_817	9836	7735	7.54612758448732	5.93425140972036	1.27162249515191	6.53009790014232e-61	7.03976407771441e-60	Klf13
Glis3_818	7229	7701	5.54605086501208	5.90816678813917	0.938709258537852	0.9999665736394	1	Glis3
Klf2_819	11480	12817	8.80739575741302	9.83313514135563	0.895685417804478	1	1	Klf2
Ctcfl_820	15492	9948	11.8853811039932	7.63205339675477	1.55729794933655	2.00317569570839e-295	1.77080731500621e-293	Ctcfl
Ybx2_821	5291	3589	4.05922743488435	2.75346196632015	1.47422680412371	4.44101941105615e-76	6.13415806152131e-75	Ybx2
Ybx1_822	5291	3589	4.05922743488435	2.75346196632015	1.47422680412371	4.44101941105615e-76	6.13415806152131e-75	Ybx1
Csda_823	5291	3589	4.05922743488435	2.75346196632015	1.47422680412371	4.44101941105615e-76	6.13415806152131e-75	Csda
Rbpj_824	4715	4918	3.61732325750892	3.77306379224366	0.958723058153721	0.982914861335544	1	Rbpj
Rbpsuhrs3_825	4715	4918	3.61732325750892	3.77306379224366	0.958723058153721	0.982914861335544	1	Rbpsuhrs3
Onecut1_826	3579	3930	2.74579001879627	3.01507537688442	0.910687022900764	0.999981268841988	1	Onecut1
Onecut2_827	3579	3930	2.74579001879627	3.01507537688442	0.910687022900764	0.999981268841988	1	Onecut2
Ets2_828	3512	2026	2.69438797038628	1.55433656833787	1.73346495557749	7.6453050538922e-92	1.32518620934131e-90	Ets2
Foxn3_829	7285	5706	5.58901377114581	4.37761325712532	1.27672625306695	3.45310143565041e-46	2.99268791089702e-45	Foxn3
Foxn2_830	8740	6910	6.70528213587019	5.30131573900035	1.26483357452967	8.58889614726482e-52	7.99219388861274e-51	Foxn2
Foxa3_831	6473	7725	4.96605163220684	5.92657946219648	0.837928802588997	1	1	Foxa3
Foxl2_832	8740	6910	6.70528213587019	5.30131573900035	1.26483357452967	8.58889614726482e-52	7.99219388861274e-51	Foxl2
Foxd4_833	6825	7250	5.23610418504737	5.56216195481223	0.941379310344828	0.999888770692603	1	Foxd4
ENSMUSG00000090020_834	8740	6910	6.70528213587019	5.30131573900035	1.26483357452967	8.58889614726482e-52	7.99219388861274e-51	ENSMUSG00000090020
Gcm2_835	978	790	0.75031646783536	0.606083854386436	1.2379746835443	3.97659739287427e-06	1.22484741996546e-05	Gcm2
Ubp1_836	7114	6905	5.45782346848748	5.29747976523841	1.0302679217958	0.0354606513594118	0.0921976935344707	Ubp1
Six5_837	1027	2083	0.787909010702367	1.59806666922398	0.493038886221795	1	1	Six5
Nkx62_838	4334	2959	3.32502205684913	2.27012927231578	1.46468401486989	1.66120597699361e-60	1.76928443814741e-59	Nkx62
Prrxl1_839	2311	2116	1.77298707276842	1.62338409605278	1.0921550094518	0.00163464168824226	0.00455843297289008	Prrxl1
Pou4f2_840	5363	4673	4.11446545705627	3.58510107790863	1.14765675155147	1.13692727327522e-12	4.67462190500137e-12	Pou4f2
Pou4f1_841	5363	4673	4.11446545705627	3.58510107790863	1.14765675155147	1.13692727327522e-12	4.67462190500137e-12	Pou4f1
Mef2d_842	6878	4844	5.27676550692393	3.71629138056696	1.41990090834021	5.73102075586975e-83	9.04682562176581e-82	Mef2d
Smarcc1_843	7968	8614	6.11300778702674	6.60861559706932	0.925005804504295	0.999999896456782	1	Smarcc1
Nr1d1_844	3182	3897	2.44121370209828	2.98975795005562	0.816525532460867	1	1	Nr1d1
Nr1d2_845	3182	3897	2.44121370209828	2.98975795005562	0.816525532460867	1	1	Nr1d2
Thrb_846	2167	2682	1.66251102842457	2.05761632590433	0.807979120059657	0.999999999999965	1	Thrb
Nr4a1_847	6173	7887	4.73589320649047	6.05086501208332	0.782680360086218	1	1	Nr4a1
Nr5a1_848	3703	7696	2.84092216809237	5.90433081437723	0.481159043659044	1	1	Nr5a1
Pgr_849	2325	2898	1.78372779930185	2.22333039242012	0.802277432712215	1	1	Pgr
Nr1h4_850	3498	5554	2.68364724385285	4.26099965476236	0.629816348577602	1	1	Nr1h4
Nr1h5_851	3498	5554	2.68364724385285	4.26099965476236	0.629816348577602	1	1	Nr1h5
Thra_852	2167	2682	1.66251102842457	2.05761632590433	0.807979120059657	0.999999999999965	1	Thra
Trp63_853	5331	6845	4.08991522497986	5.25144808009513	0.77881665449233	1	1	Trp63
Pax8_854	3687	3472	2.82864705205416	2.66370018029077	1.06192396313364	0.00516111315472296	0.0139523670604743	Pax8
Pax1_855	3687	3472	2.82864705205416	2.66370018029077	1.06192396313364	0.00516111315472296	0.0139523670604743	Pax1
Relb_856	5193	5411	3.98404234915033	4.15129080517089	0.959711698392164	0.985049258882221	1	Relb
Nfatc4_857	6005	4967	4.6070044880893	3.81065633511067	1.2089792631367	2.19899260749639e-24	1.22258456919925e-23	Nfatc4
Runx3_858	9155	10779	7.02366795811117	8.2695922359891	0.849336673160776	1	1	Runx3
Nfib_859	2905	3859	2.22870075568683	2.96060454946488	0.752785695776108	1	1	Nfib
Smad4_860	2814	1090	2.15888603321953	0.836242280102804	2.58165137614679	4.92361231799463e-176	1.97839694959421e-174	Smad4
Smad2_861	6069	6612	4.65610495224213	5.07269170278875	0.917876588021779	0.999999635532629	1	Smad2
Nfia_862	2905	3859	2.22870075568683	2.96060454946488	0.752785695776108	1	1	Nfia
Smad1_863	6846	1351	5.25221527484752	1.03648011047604	5.06735751295337	0	0	Smad1
Tbx15_864	2975	3490	2.28240438835398	2.67750968583375	0.85243553008596	0.999999999960337	1	Tbx15
Tbx22_865	2975	3490	2.28240438835398	2.67750968583375	0.85243553008596	0.999999999960337	1	Tbx22
Tbx18_866	2975	3490	2.28240438835398	2.67750968583375	0.85243553008596	0.999999999960337	1	Tbx18
Tead3_867	5985	4995	4.59166059304154	3.83213778817753	1.1981981981982	2.46257765686712e-22	1.34377694362379e-21	Tead3
Tead4_868	8048	6793	6.17438336721777	5.21155395297096	1.18474900633005	1.40299253709487e-26	8.15950922889386e-26	Tead4
Hif3a_869	9479	11718	7.27223905788484	8.98998810848134	0.808926437958696	1	1	Hif3a
Creb3_870	3157	2559	2.42203383328858	1.96325137136062	1.2336850332161	6.6697417785352e-16	3.02361627293596e-15	Creb3
Nfe2l3_871	3090	3818	2.37063178487859	2.92914956461698	0.809324253535883	1	1	Nfe2l3
Wt1_872	18256	16557	14.0059073995934	12.7024435152864	1.10261520806909	6.97062295411419e-23	3.8273482555509e-22	Wt1
E4f1_873	1487	813	1.1408185968008	0.623729333691358	1.8290282902829	4.73265100452507e-46	4.06180921165064e-45	E4f1
Klf16_874	9836	7735	7.54612758448732	5.93425140972036	1.27162249515191	6.53009790014232e-61	7.03976407771441e-60	Klf16
Zfp42_875	5626	7593	4.31623767693429	5.82530975488128	0.740945607796655	1	1	Zfp42
Zfp263_876	26353	27118	20.2178833096782	20.8047872952549	0.971789955011432	0.999898617121951	1	Zfp263
Zfp263_877	4482	4346	3.43856688020254	3.33422839387779	1.03129314312011	0.0718980761609107	0.184225795148536	Zfp263
Zfp263_878	33239	34561	25.5007863746212	26.515017837278	0.961748791990973	0.999999998257412	1	Zfp263
Dmrta2_879	3178	3323	2.43814492308873	2.54938816218497	0.956364730665062	0.966660388613123	1	Dmrta2
Foxm1_880	8551	6815	6.56028232766888	5.2284322375235	1.2547322083639	1.39564940714718e-47	1.24621623830112e-46	Foxm1
Mixl1_881	2603	3074	1.99700794046569	2.35835666884038	0.846779440468445	0.99999999988307	1	Mixl1
Mef2b_882	6878	4844	5.27676550692393	3.71629138056696	1.41990090834021	5.73102075586975e-83	9.04682562176581e-82	Mef2b
Smad5_883	6846	1351	5.25221527484752	1.03648011047604	5.06735751295337	0	0	Smad5
Smad9_884	6069	6612	4.65610495224213	5.07269170278875	0.917876588021779	0.999999635532629	1	Smad9
