motif	observed	background	percent.observed	percent.background	fold.enrichment	pvalue	p.adjust	motif_name
Tcfap2a_1	10037	7913	5.02367438461615	3.96057939677868	1.26841905724757	1.48854984143838e-59	3.93975467015427e-59	Tcfap2a
Tcfap2b_2	9641	8419	4.82547023434137	4.21384025546313	1.1451478797957	6.91947043320479e-21	1.35929152510067e-20	Tcfap2b
Tcfap2c_3	10130	8032	5.07022232899887	4.02014074496732	1.26120517928287	1.58558074845672e-57	4.14690349596373e-57	Tcfap2c
Tcfap2e_4	8240	8356	4.12424797541468	4.18230777701032	0.986117759693633	0.82321156832893	1	Tcfap2e
Tcfap2d_5	12813	6095	6.41310549866362	3.05064216142627	2.10221493027071	0	0	Tcfap2d
Arid3b_6	8268	3941	4.13826241028259	1.97253170765889	2.09794468409033	0	0	Arid3b
Arid3a_7	13338	6761	6.67587615243701	3.38398550507022	1.97278509096288	0	0	Arid3a
Arid5b_8	1131	2609	0.566083065557524	1.30584502037098	0.433499425067076	1	1	Arid5b
Arid5a_9	5062	3915	2.53360961790644	1.95951830385297	1.29297573435504	8.421388663479e-35	1.8846854629153e-34	Arid5a
Arid3c_10	10340	7074	5.17533059050822	3.54064686627226	1.46169069833192	2.63210988597883e-142	1.21821211476717e-141	Arid3c
Arid2_11	4711	4495	2.35792866652652	2.24981731183119	1.04805339265851	0.0116905987712902	0.0161224482274891	Arid2
Setbp1_12	423	987	0.2117180696117	0.494008829093967	0.428571428571429	1	1	Setbp1
Ahctf1_13	24558	7150	12.2916604102225	3.57868604662803	3.43468531468531	0	0	Ahctf1
Hmga2_14	1982	4322	0.992021782435909	2.16322812496872	0.458583988894031	1	1	Hmga2
Phf21a_15	10608	5065	5.3094687528154	2.53511116449943	2.09437314906219	0	0	Phf21a
Zfp957_16	3059	3884	1.5310770093196	1.94400232239206	0.787590113285273	1	1	Zfp957
Tcfe3_17	4141	2435	2.07263481385827	1.21875531797752	1.7006160164271	3.70275377906244e-101	1.34148948388983e-100	Tcfe3
Mnt_18	2998	2453	1.50054556192879	1.22776459753546	1.2221769262128	5.64106284711968e-14	9.93366445588406e-14	Mnt
Npas1_19	1638	1398	0.819844439772966	0.699720712333704	1.17167381974249	6.61498908944164e-06	9.94498359705172e-06	Npas1
Tcfap4_20	9732	9397	4.87101714766209	4.70334444477812	1.03564967542833	0.00666327483743287	0.00926153295014255	Tcfap4
Twist2_21	5087	4911	2.54612250618137	2.45803177272591	1.03583791488495	0.038154130146765	0.0521302180057809	Twist2
Id3_22	14842	8037	7.42865151105639	4.0226433226223	1.84670897100908	0	0	Id3
Ascl2_23	13590	13549	6.80200606624824	6.78148492947736	1.00302605358329	0.400714495549488	0.528703901590668	Ascl2
Myod1_24	21110	18177	10.5658828593451	9.09787080693114	1.16135775980635	4.63486253690228e-55	1.18075460594283e-54	Myod1
Arnt_25	3521	3376	1.76231518464018	1.68974043264562	1.04295023696682	0.040133762898726	0.0547503802507311	Arnt
Arnt2_26	5301	5735	2.65323282981471	2.87045657026738	0.924324324324324	0.999986635637656	1	Arnt2
Mlx_27	5739	3267	2.87245863239136	1.63518423976696	1.75665748393021	4.56733039022318e-155	2.18244327835529e-154	Mlx
Ahr_28	4545	3815	2.27484308838103	1.90946675075328	1.1913499344692	3.7307602255431e-16	6.94314113553706e-16	Ahr
Hey2_29	3489	2948	1.74629868764828	1.47551978537894	1.18351424694708	5.63440962844248e-12	9.61547897981303e-12	Hey2
Sim1_30	1638	1398	0.819844439772966	0.699720712333704	1.17167381974249	6.61498908944164e-06	9.94498359705172e-06	Sim1
Tcf3_31	9550	7115	4.77992332102065	3.56116800304313	1.34223471539002	3.04434383842613e-83	1.00794005736655e-82	Tcf3
Srebf1_32	3657	2934	1.83038529685576	1.46851256794498	1.24642126789366	1.4003294734122e-19	2.72064011977227e-19	Srebf1
Id2_33	4333	2747	2.16873379580968	1.37491616364856	1.57735711685475	1.67068733942857e-81	5.39010075932428e-81	Id2
Npas3_34	1638	1398	0.819844439772966	0.699720712333704	1.17167381974249	6.61498908944164e-06	9.94498359705172e-06	Npas3
Id4_35	14842	8037	7.42865151105639	4.0226433226223	1.84670897100908	0	0	Id4
Ahrr_36	4545	3815	2.27484308838103	1.90946675075328	1.1913499344692	3.7307602255431e-16	6.94314113553706e-16	Ahrr
Myc_37	9917	10213	4.96361252089652	5.11176511807161	0.971017330852835	0.984149114997179	1	Myc
Srebf2_38	2218	983	1.11014344775118	0.492006766969979	2.25635808748728	2.5216154550188e-109	9.4855662222835e-109	Srebf2
Hes1_39	2972	1633	1.48753215812287	0.817341862117982	1.81996325780772	4.67836796828654e-89	1.60297569145942e-88	Hes1
Hes7_40	2887	1114	1.44498833798813	0.557574301530577	2.59156193895871	8.8985349549037e-181	4.94736157241187e-180	Hes7
Tcfeb_41	4186	2333	2.09515801275314	1.16770273381583	1.79425632233176	3.18210102482271e-120	1.30230430830707e-119	Tcfeb
Bhlhe22_42	2956	3688	1.47952390962692	1.84590127831667	0.801518438177874	1	1	Bhlhe22
Msc_43	4000	2491	2.00206212398771	1.24678418771334	1.60578081091931	1.96135072987985e-80	6.28200741019487e-80	Msc
Npas2_44	4222	3701	2.11317657186903	1.85240798021963	1.14077276411781	1.78722553106307e-09	2.91495824623571e-09	Npas2
Myog_45	18652	19232	9.33561568415468	9.6259146921329	0.969841930116472	0.999148044159338	1	Myog
Usf1_46	5030	2803	2.51759312091454	1.40294503338439	1.79450588655012	1.48698336470572e-144	6.95499097566063e-144	Usf1
Ptf1a_47	14548	14431	7.28149994494329	7.22293962781665	1.00810754625459	0.239608905963904	0.31756262799414	Ptf1a
Sohlh2_48	3062	1898	1.53257855591259	0.949978477832167	1.61327713382508	7.32184201745275e-63	2.00387255214496e-62	Sohlh2
Neurog2_49	2260	3102	1.13116510005305	1.55259917715247	0.72856221792392	1	1	Neurog2
Mycl1_50	3944	3982	1.97403325425188	1.99305284442976	0.990457056755399	0.670925695847843	0.864574803395763	Mycl1
Hes2_51	2987	3197	1.49503989108782	1.60014815259718	0.934313418830153	0.996578571138856	1	Hes2
Clock_52	2299	2000	1.15068520576193	1.00103106199385	1.1495	2.42284277886452e-06	3.68639073410712e-06	Clock
Tcfec_53	4240	2918	2.12218585142697	1.46050431944903	1.45305003427005	1.56099845983834e-56	4.04669395453692e-56	Tcfec
Figla_54	14027	6652	7.02073135329389	3.32942931219156	2.10868911605532	0	0	Figla
Bhlhe40_55	2782	2333	1.39243420723345	1.16770273381583	1.19245606515216	1.40948991929189e-10	2.3553668972666e-10	Bhlhe40
Bhlhe41_56	2198	2251	1.10013313713125	1.12666046027408	0.976454908929365	0.79221335497007	1	Bhlhe41
Mesp2_57	11772	8105	5.89206883089582	4.05667837873009	1.45243676742751	6.65817554662726e-158	3.26990399067694e-157	Mesp2
Mesp1_58	11772	8105	5.89206883089582	4.05667837873009	1.45243676742751	6.65817554662726e-158	3.26990399067694e-157	Mesp1
Tcf12_59	11303	8280	5.65732704685826	4.14426859665455	1.36509661835749	2.31328475940461e-109	8.73907575775076e-109	Tcf12
Heyl_60	3489	2948	1.74629868764828	1.47551978537894	1.18351424694708	5.63440962844248e-12	9.61547897981303e-12	Heyl
Scx_61	10587	9522	5.29895792666446	4.76590888615274	1.11184625078765	6.74436316719173e-15	1.20688604044484e-14	Scx
Mitf_62	4067	2595	2.0355966645645	1.29883780293703	1.56724470134875	1.0704140738922e-74	3.3201615484937e-74	Mitf
Myf6_63	14257	8233	7.13584992542319	4.1207443666977	1.73168954208672	0	0	Myf6
Atoh7_64	2930	3474	1.466510505821	1.73879095468332	0.843408175014393	0.999999999996781	1	Atoh7
Mycn_65	3944	3982	1.97403325425188	1.99305284442976	0.990457056755399	0.670925695847843	0.864574803395763	Mycn
Hand1_66	9132	9740	4.57070782906394	4.87502127191007	0.937577002053388	0.999997213991156	1	Hand1
Atoh8_67	17927	10281	8.97274192418191	5.1458001741794	1.7437019745161	0	0	Atoh8
Hand2_68	9132	9740	4.57070782906394	4.87502127191007	0.937577002053388	0.999997213991156	1	Hand2
Neurod2_69	1635	2379	0.818342893179975	1.19072644824169	0.687263556116015	1	1	Neurod2
Mlxip_70	3041	3069	1.52206772976165	1.53608216462957	0.990876507005539	0.645748784524964	0.835786128140656	Mlxip
Tcfl5_71	3483	1226	1.7432955944623	0.613632041002232	2.84094616639478	4.64147468365252e-250	3.59917861434108e-249	Tcfl5
Olig2_72	2180	2620	1.0911238575733	1.31135069121195	0.83206106870229	0.999999999926386	1	Olig2
Hey1_73	3489	2948	1.74629868764828	1.47551978537894	1.18351424694708	5.63440962844248e-12	9.61547897981303e-12	Hey1
Id1_74	4333	2747	2.16873379580968	1.37491616364856	1.57735711685475	1.67068733942857e-81	5.39010075932428e-81	Id1
Neurog3_75	2260	3102	1.13116510005305	1.55259917715247	0.72856221792392	1	1	Neurog3
Mycs_76	3944	3982	1.97403325425188	1.99305284442976	0.990457056755399	0.670925695847843	0.864574803395763	Mycs
Bhlhe23_77	1945	2451	0.973502707789023	1.22676356647347	0.793553651570787	0.999999999999993	1	Bhlhe23
Olig3_78	2999	2481	1.50104607745978	1.24177903240338	1.20878677952439	9.7943714834724e-13	1.69105945144328e-12	Olig3
Tcf21_79	7910	6614	3.95907785018569	3.31040972201367	1.195947989114	3.20609749314848e-28	6.59113996265874e-28	Tcf21
Npas4_80	1341	1049	0.671191327066879	0.525040792015776	1.27836034318398	1.13313228955338e-09	1.86882265665147e-09	Npas4
Olig1_81	2021	2501	1.01154188814479	1.25178934302331	0.808076769292283	0.9999999999997	1	Olig1
Ferd3l_82	12629	12208	6.32101064096019	6.11029360241048	1.03448558322412	0.00296193906194581	0.0041826743302877	Ferd3l
Hes5_83	1617	1932	0.809333613622031	0.966996005886063	0.83695652173913	0.999999951287611	1	Hes5
Nhlh2_84	14166	14879	7.09030301210247	7.44717058570328	0.952080112910814	0.999993217769521	1	Nhlh2
Neurog1_85	2423	3191	1.21274913160555	1.59714505941119	0.759323096208085	1	1	Neurog1
Nhlh1_86	11451	11619	5.73140334544581	5.81548995465329	0.985540924348051	0.874152687208158	1	Nhlh1
Bhlha15_87	4979	4741	2.4920668288337	2.37294413245643	1.05020037966674	0.00747117900178865	0.0103519157328858	Bhlha15
Tcf4_88	11538	8864	5.77494819664254	4.43656966675676	1.30166967509025	9.09686466400667e-83	2.97838087517848e-82	Tcf4
Arntl_89	4280	2977	2.14220647266685	1.49003473577785	1.43768894860598	2.96678471294665e-54	7.51472116402534e-54	Arntl
Ebf1_90	11615	9509	5.8134878925293	4.75940218424978	1.22147439268062	1.81513354937014e-50	4.44481456410861e-50	Ebf1
Max_91	3361	3370	1.68223269968067	1.68673733945964	0.997329376854599	0.548917185892997	0.7167544938396	Max
Sim2_92	1638	1398	0.819844439772966	0.699720712333704	1.17167381974249	6.61498908944164e-06	9.94498359705172e-06	Sim2
Tcf15_93	10587	9522	5.29895792666446	4.76590888615274	1.11184625078765	6.74436316719173e-15	1.20688604044484e-14	Tcf15
Atoh1_94	2675	2956	1.33887904541678	1.47952390962692	0.904939106901218	0.999923295272211	1	Atoh1
Usf2_95	4506	3063	2.25532298267215	1.53307907144359	1.47110675808031	1.5953040042629e-63	4.40702731177625e-63	Usf2
Mga_96	11559	6755	5.78545902279348	3.38098241188424	1.71117690599556	1.41888004249596e-292	1.2669595530974e-291	Mga
Cebpd_97	1555	1275	0.778301650700221	0.638157302021082	1.21960784313725	6.92040761799359e-08	1.08854810218974e-07	Cebpd
Fosb_98	11012	9908	5.51167702733816	4.95910788111755	1.1114251110214	2.33531898952189e-15	4.27416560401108e-15	Fosb
Hlf_99	1191	1015	0.59611399741734	0.508023263961881	1.17339901477833	9.27169788910098e-05	0.000135698359833862	Hlf
Atf6b_100	3140	1618	1.57161876733035	0.809834129153028	1.9406674907293	3.34225991503227e-111	1.3131367843949e-110	Atf6b
Nfe2l2_101	13045	11248	6.52922510185491	5.62979869265343	1.15976173541963	6.27031910583522e-33	1.38228481036367e-32	Nfe2l2
Mafk_102	7609	6348	3.80842267535562	3.17727259076849	1.19864524259609	8.5825526274828e-28	1.75624456543861e-27	Mafk
Xbp1_103	2322	1353	1.16219706297486	0.677197513438842	1.71618625277162	7.15850338638318e-59	1.87777952331238e-58	Xbp1
Fos_104	12764	11863	6.38858023764477	5.93761574421654	1.0759504341229	1.6000877253818e-09	2.62426261454083e-09	Fos
Tef_105	1388	1787	0.694715557023734	0.894421253891508	0.776720761052042	0.999999999999521	1	Tef
Atf1_106	2159	1257	1.08061303142237	0.629148022463137	1.7175815433572	5.55139734468814e-55	1.41018254388055e-54	Atf1
Fosl1_107	5075	4906	2.5401163198094	2.45552919507092	1.0344476151651	0.0442814659127288	0.0603155868518525	Fosl1
Bach1_108	9907	9946	4.95860736558655	4.97812747129543	0.996078825658556	0.614555933122784	0.797749551953804	Bach1
Creb1_109	2653	1901	1.32786770373485	0.951480024425158	1.3955812730142	1.66807225071802e-29	3.5025555098212e-29	Creb1
Atf3_110	1914	2629	0.957986726328118	1.31585533099092	0.728033472803347	1	1	Atf3
Atf6_111	3140	1618	1.57161876733035	0.809834129153028	1.9406674907293	3.34225991503227e-111	1.3131367843949e-110	Atf6
Atf2_112	3034	2830	1.51856412104468	1.4164589527213	1.07208480565371	0.00378320870831547	0.00530850237801726	Atf2
Fosl2_113	1998	3156	1.00003003093186	1.5796270158263	0.633079847908745	1	1	Fosl2
Jdp2_114	2546	2203	1.27431254191818	1.10263571478623	1.15569677712211	2.94809791976987e-07	4.57213782645011e-07	Jdp2
Cebpa_115	665	854	0.332842828112956	0.427440263471376	0.778688524590164	0.999999496859354	1	Cebpa
Creb3l3_116	4350	4227	2.17724255983663	2.11567914952401	1.0290986515259	0.0914791015489482	0.123840008835023	Creb3l3
Nfe2l1_117	5327	5797	2.66624623362063	2.90148853318918	0.91892358116267	0.999997048351428	1	Nfe2l1
Creb3l2_118	3526	3276	1.76481776229516	1.63968887954593	1.07631257631258	0.00116165312309647	0.00166165268740661	Creb3l2
Bach2_119	8074	8938	4.04116239726919	4.47360781605053	0.903334079212352	0.999999999993955	1	Bach2
Nrl_120	8400	7416	4.20433046037419	3.71182317787321	1.13268608414239	7.42172598183548e-16	1.36968805176254e-15	Nrl
Atf4_121	846	1192	0.4234361392234	0.596614512948337	0.709731543624161	0.999999999999994	1	Atf4
Crebzf_122	148	0	0.0740762985875452	0	Inf	2.72730343678111e-45	6.39505633452122e-45	Crebzf
Mafg_123	8381	7506	4.19482066528524	3.75686957566293	1.11657340794031	7.31862327396826e-13	1.26607885991936e-12	Mafg
Atf7_124	2836	2946	1.41946204590728	1.47451875431695	0.962661235573659	0.929282695341479	1	Atf7
Cebpe_125	698	2462	0.349359840635855	1.23226923731443	0.283509341998375	1	1	Cebpe
Jun_126	2408	3051	1.2052413986406	1.52707288507162	0.789249426417568	1	1	Jun
Junb_127	5743	7470	2.87446069451535	3.73885101654704	0.768808567603748	1	1	Junb
X9430076C15Rik_128	4281	3619	2.14270698819784	1.81136570667788	1.1829234595192	2.83070882724306e-14	4.99470379896779e-14	X9430076C15Rik
Cebpg_129	1850	2074	0.925953732344315	1.03806921128763	0.891996142719383	0.999847208659951	1	Cebpg
Cebpb_130	1555	1275	0.778301650700221	0.638157302021082	1.21960784313725	6.92040761799359e-08	1.08854810218974e-07	Cebpb
Nfil3_131	1484	1576	0.742765047999439	0.788812476851157	0.941624365482234	0.954272227431579	1	Nfil3
Nfe2_132	14414	11459	7.2144308637897	5.73540746969378	1.25787590540187	7.14865300061253e-81	2.29796700092417e-80	Nfe2
Dbp_133	3242	2361	1.62267135149204	1.18171716868374	1.37314697162219	9.13744417461514e-33	1.98953217989157e-32	Dbp
Crem_134	2195	1216	1.09863159053825	0.608626885692263	1.80509868421053	1.24683071419415e-64	3.46603255140765e-64	Crem
Jund_135	6473	7873	3.23983703214311	3.9405587755388	0.822177060840849	1	1	Jund
Mafb_136	8663	9471	4.33596604502638	4.74038259407189	0.914686939077183	0.999999999611849	1	Mafb
Nfil3_137	530	1762	0.265273231428371	0.881908365616585	0.300794551645857	1	1	Nfil3
Nfil3_138	2958	2429	1.48052494068891	1.21575222479154	1.21778509674763	2.1078038923015e-13	3.68240838101685e-13	Nfil3
Zeb1_139	16253	10192	8.13487892529305	5.10125429192068	1.59468210361068	0	0	Zeb1
Zscan4_140	5962	6447	2.98407359580368	3.22682362833719	0.924771211416163	0.999995347191131	1	Zscan4
Bcl6b_141	14901	11882	7.45818192738521	5.94712553930548	1.25408180441003	1.02165549996505e-81	3.33263270099299e-81	Bcl6b
Sp1_142	17657	5861	8.83760273081274	2.93352152717299	3.01262583176932	0	0	Sp1
Klf4_143	31348	27114	15.6901608656917	13.5709781074507	1.15615549162794	2.00931665632158e-80	6.41240405844143e-80	Klf4
Plag1_144	13123	12273	6.56826531327267	6.14282711192528	1.06925772019881	1.83744858582145e-08	2.94792114313277e-08	Plag1
Klf5_145	41344	32688	20.6933141135369	16.3608516772275	1.26480665687714	7.24482568526611e-273	5.93002398682893e-272	Klf5
Ctcf_146	39277	13358	19.6587485109663	6.68588646305695	2.94033537954784	0	0	Ctcf
Snai3_147	12957	8112	6.48517973512718	4.06018198744707	1.59726331360947	3.91279420424492e-260	3.08831256835045e-259	Snai3
Glis2_148	4760	4495	2.38245392754537	2.24981731183119	1.05895439377086	0.00274567138114938	0.00388970112329496	Glis2
Ikzf1_149	7406	6528	3.70681802256324	3.26736538634794	1.13449754901961	1.94031458746475e-14	3.43047619063768e-14	Ikzf1
Sp2_150	39339	28031	19.6897804738881	14.0299508493749	1.40341050979273	0	0	Sp2
Zbtb4_151	6548	4128	3.27737569696788	2.06612811195531	1.58624031007752	7.91382615935037e-126	3.33134396422177e-125	Zbtb4
Plagl1_152	5712	7652	2.85894471305445	3.82994484318848	0.746471510716153	1	1	Plagl1
Patz1_153	24258	21897	12.1415057509235	10.9597885822397	1.10782298945061	7.82397517445657e-32	1.67873642092709e-31	Patz1
Yy1_154	15224	8819	7.61984844389722	4.4140464678619	1.72627282004762	0	0	Yy1
Gli3_155	13277	13666	6.6453447050462	6.840045246604	0.97153519683887	0.993060930498978	1	Gli3
Zkscan3_156	5622	5531	2.81389831526472	2.768351401944	1.01645272102694	0.193696028980135	0.257484646042766	Zkscan3
Hivep1_157	11541	9876	5.77644974323553	4.94309138412565	1.16859052247874	6.88578942189224e-32	1.48464337779335e-31	Hivep1
Zfp369_158	13138	12323	6.57577304623763	6.16785288847513	1.06613649273716	6.72880682718522e-08	1.0621902205771e-07	Zfp369
Fezf2_159	8982	8015	4.4956304994144	4.01163198094037	1.12064878353088	1.80596916308653e-14	3.20577658668372e-14	Fezf2
Zfp187_160	1367	1478	0.684204730872799	0.739761954813458	0.92489851150203	0.982463720661801	1	Zfp187
Osr2_161	3920	5277	1.96202088150795	2.64122045707078	0.742846314193671	1	1	Osr2
Bcl6_162	14732	12295	7.37359480264673	6.15383845360722	1.1982106547377	1.63076799280193e-53	4.08384959103939e-53	Bcl6
Zfp263_163	7672	8468	3.83995515380842	4.23836551648198	0.905999055266887	0.999999999924983	1	Zfp263
Zscan10_164	9227	8379	4.61825680450864	4.19381963422325	1.10120539443848	3.28752424536423e-11	5.52504074696194e-11	Zscan10
Zfp523_165	15222	11634	7.61884741283522	5.82299768761825	1.30840639504899	2.53013677029742e-114	1.01665495679224e-113	Zfp523
Ovol1_166	4954	4581	2.47955394055878	2.29286164749692	1.08142327002838	5.75447949530522e-05	8.46415952387656e-05	Ovol1
Sp4_167	18884	10859	9.45173528734597	5.43509815109563	1.73901832581269	0	0	Sp4
Zfp711_168	4179	3719	2.09165440403616	1.86141725977757	1.1236891637537	9.0429417152845e-08	1.41486026129407e-07	Zfp711
Zfp202_169	9061	7556	4.53517122636315	3.78189535221278	1.19917946003176	4.35634650865859e-33	9.62752578413548e-33	Zfp202
Zfp282_170	7989	6975	3.99861857713445	3.49109582870356	1.14537634408602	1.53762859429798e-17	2.910628859442e-17	Zfp282
Klf7_171	20818	11683	10.419732324294	5.8475229486371	1.78190533253445	0	0	Klf7
Gfi1b_172	13968	11538	6.99120093696507	5.77494819664254	1.21060842433697	4.69050693407309e-56	1.20886534394187e-55	Gfi1b
Mecom_173	9503	11361	4.7563990910638	5.68635694765609	0.836458058269518	1	1	Mecom
Zbtb7b_174	7297	5410	3.65226182968458	2.70778902269337	1.34879852125693	2.30413631537934e-65	6.44574842656751e-65	Zbtb7b
Mtf1_175	4034	3597	2.0190796520416	1.80035436499595	1.12149013066444	2.31868774868653e-07	3.60866191873044e-07	Mtf1
Zbtb49_176	4379	4597	2.19175751023554	2.30086989599287	0.952577768109637	0.990307608079019	1	Zbtb49
Fezf1_177	8982	8015	4.4956304994144	4.01163198094037	1.12064878353088	1.80596916308653e-14	3.20577658668372e-14	Fezf1
Zkscan1_178	2556	3679	1.27931769722815	1.84139663853769	0.694754009241642	1	1	Zkscan1
Mzf1_179	6881	6018	3.44404736878985	3.01210246553951	1.14340312396145	5.90534272813698e-15	1.0610412544051e-14	Mzf1
Zfp300_180	3613	4384	1.8083626134919	2.19426008789053	0.824133211678832	1	1	Zfp300
Zic1_181	10403	9959	5.20686306896103	4.98463417319839	1.04458278943669	0.000719088966702454	0.00103361731148775	Zic1
Zbtb1_182	4349	1037	2.17674204430563	0.519034605643813	4.19382835101254	0	0	Zbtb1
Egr3_183	9902	7098	4.95610478793157	3.55265923901619	1.39504085657932	9.57563682728319e-108	3.5868063369993e-107	Egr3
Klf9_184	786	653	0.393405207363585	0.326836641740993	1.20367534456355	0.000243107187333172	0.000352306153446761	Klf9
Glis1_185	3484	3459	1.74379610999329	1.73128322171837	1.00722752240532	0.385693056525241	0.510408176599271	Glis1
Prdm4_186	9668	9304	4.83898415367829	4.65679650039541	1.03912295786758	0.00346309520132182	0.00488257760441546	Prdm4
Zic4_187	10184	5790	5.0972501676727	2.89798492447221	1.75889464594128	2.37799802587952e-279	2.00204786178809e-278	Zic4
Egr2_188	6914	5344	3.46056438131275	2.67475499764758	1.2937874251497	2.14399179929787e-47	5.16427452473928e-47	Egr2
Prdm1_189	13634	10487	6.8240287496121	5.24890637356477	1.30008582053972	1.59105489411663e-97	5.67134083225444e-97	Prdm1
Egr1_190	10495	7568	5.25291049781275	3.78790153858474	1.3867600422833	1.00274722069211e-110	3.9049715554706e-110	Egr1
Sp6_191	21256	7798	10.6389581268707	3.90302011071404	2.72582713516286	0	0	Sp6
Rreb1_192	33046	29885	16.5400362373244	14.9579066438432	1.10577212648486	3.54686175223168e-43	8.27289126378048e-43	Rreb1
Zfp281_193	27019	19669	13.523429132006	9.84463997917855	1.37368447811277	3.6966774026688e-288	3.20378708231296e-287	Zfp281
Klf8_194	22723	16893	11.3732144108432	8.45520886513109	1.34511336056355	4.97309322793757e-210	3.33046546477031e-209	Klf8
Zic5_195	5398	5693	2.70178283632141	2.8494349179655	0.948181977867557	0.997818358841961	1	Zic5
Zfp410_196	9037	8301	4.52315885361923	4.15477942280549	1.08866401638357	5.71702932102069e-09	9.205562695414e-09	Zfp410
Snai1_197	12957	8112	6.48517973512718	4.06018198744707	1.59726331360947	3.91279420424492e-260	3.08831256835045e-259	Snai1
Hic1_198	6923	5200	3.46506902109172	2.60268076118402	1.33134615384615	2.76824258048159e-57	7.19743070925214e-57	Hic1
Zfp784_199	4665	3919	2.33490495210066	1.96152036597696	1.19035468231692	2.08119051195872e-16	3.89782290799049e-16	Zfp784
Zfp3_200	4813	4257	2.40898125068821	2.13069461545392	1.13060840967818	1.85501258867145e-09	3.01994682943935e-09	Zfp3
Dnajc21_201	22867	9091	11.4452886473067	4.55018669229306	2.51534484655153	0	0	Dnajc21
Zfp354c_202	25398	23976	12.7120934562599	12.0003603711823	1.05930930930931	4.20428165896556e-12	7.21666987674866e-12	Zfp354c
Zfp691_203	7023	5834	3.51512057419142	2.92000760783607	1.20380527939664	8.063889038788e-27	1.64250643094207e-26	Zfp691
Zfp740_204	10598	11315	5.30446359750543	5.66333323323023	0.93663278833407	0.999999697300713	1	Zfp740
Scrt1_205	7963	5734	3.98560517332853	2.86995605473638	1.38873386815487	2.96003299034999e-84	9.87422325837507e-84	Scrt1
Osr1_206	3332	6074	1.66771774928176	3.04013133527533	0.548567665459335	1	1	Osr1
Sp8_207	30963	19409	15.4974623862578	9.71450594111935	1.5952908444536	0	0	Sp8
Zfa_208	14066	11351	7.04025145900277	5.68135179234612	1.23918597480398	1.07278522757816e-69	3.14020576549368e-69	Zfa
Zfp161_209	5903	995	2.95454317947486	0.498012953341942	5.93266331658291	0	0	Zfp161
Zbtb12_210	7721	6016	3.86448041482727	3.01110143447751	1.28341090425532	5.99075363101566e-50	1.46293541707675e-49	Zbtb12
Hic2_211	8450	7674	4.22935623692403	3.84095618487042	1.10112066718791	2.31103750769638e-10	3.84737694313296e-10	Hic2
Zfp524_212	6548	5583	3.27737569696788	2.79437820955584	1.17284614006806	2.97724831020518e-19	5.74647927122573e-19	Zfp524
Zfy1_213	14066	11351	7.04025145900277	5.68135179234612	1.23918597480398	1.07278522757816e-69	3.14020576549368e-69	Zfy1
Klf1_214	23608	23077	11.8161706557754	11.5503969088161	1.02300992330026	0.00452482525811174	0.00632902773444744	Klf1
Zscan4c_215	11214	13182	5.61278116459954	6.59779572960149	0.850705507510241	1	1	Zscan4c
Zkscan4_216	5622	5531	2.81389831526472	2.768351401944	1.01645272102694	0.193696028980135	0.257484646042766	Zkscan4
Zkscan5_217	10951	10297	5.48114557994735	5.15380842267536	1.0635136447509	2.07070306769852e-06	3.15603708938878e-06	Zkscan5
Zfp105_218	19389	14876	9.70449563049941	7.44566903911028	1.30337456305458	5.03237223643229e-144	2.34137739842428e-143	Zfp105
Zfp110_219	13138	12323	6.57577304623763	6.16785288847513	1.06613649273716	6.72880682718522e-08	1.0621902205771e-07	Zfp110
Zfp637_220	4477	3496	2.24080803227324	1.74980229636526	1.28060640732265	6.26704232824175e-29	1.3097081366822e-28	Zfp637
Scrt2_221	7622	5418	3.81492937725858	2.71179314694135	1.40679217423403	2.3681442947032e-86	8.02084121271123e-86	Scrt2
Sp7_222	30963	19409	15.4974623862578	9.71450594111935	1.5952908444536	0	0	Sp7
Zfp128_223	504	213	0.252259827622451	0.106609808102345	2.36619718309859	2.00533727613034e-28	4.13221014475344e-28	Zfp128
Zfp143_224	9553	7938	4.78142486761364	3.97309228505361	1.2034517510708	4.31486996338055e-36	9.75535817807777e-36	Zfp143
Zic2_225	7578	11093	3.79290669389471	5.55221878534891	0.683133507617416	1	1	Zic2
Zscan20_226	2475	3531	1.23877593921739	1.76732033995015	0.700934579439252	1	1	Zscan20
Zfp238_227	11032	10901	5.5216873379581	5.4561198033975	1.01201724612421	0.183282308819544	0.24511582601585	Zfp238
Zbtb6_228	8776	7631	4.39252430002903	3.81943401703755	1.15004586554842	3.62192598635385e-20	7.06795269743224e-20	Zbtb6
Zic3_229	10391	11260	5.20085688258907	5.6358048790254	0.922824156305506	0.999999999400503	1	Zic3
Insm1_230	11666	10029	5.83901418461015	5.01967026036818	1.16322664273607	1.53883038074259e-30	3.23887156327726e-30	Insm1
Sp9_231	30963	19409	15.4974623862578	9.71450594111935	1.5952908444536	0	0	Sp9
Zscan4ps2_232	11214	13182	5.61278116459954	6.59779572960149	0.850705507510241	1	1	Zscan4ps2
Zscan4f_233	11214	13182	5.61278116459954	6.59779572960149	0.850705507510241	1	1	Zscan4f
Egr4_234	7580	5945	3.79390772495671	2.97556483177673	1.27502102607233	9.33667148237136e-47	2.23675273453016e-46	Egr4
Zbtb3_235	11859	10397	5.93561368209255	5.20385997577505	1.14061748581322	3.34134091576077e-24	6.71305765802847e-24	Zbtb3
Klf12_236	20442	14012	10.2315384846392	7.01322362032894	1.45889237796175	2.69406876876765e-289	2.35797702137683e-288	Klf12
Klf14_237	18124	8385	9.0713434837883	4.19682272740923	2.16147883124627	0	0	Klf14
Sp5_238	21256	7798	10.6389581268707	3.90302011071404	2.72582713516286	0	0	Sp5
Zfp652_239	7239	5525	3.62323192888675	2.76534830875802	1.31022624434389	4.92296736105641e-54	1.24340089919253e-53	Zfp652
Zfx_240	5129	6348	2.56714415848324	3.17727259076849	0.807971014492754	1	1	Zfx
Myt1l_241	10790	4989	5.40056257945684	2.49707198414367	2.16275806774905	0	0	Myt1l
Nfya_242	11530	5641	5.77094407239457	2.82340811035366	2.04396383619926	0	0	Nfya
Cenpb_243	1497	801	0.749271749902399	0.400912940328538	1.8689138576779	6.40906605432459e-49	1.55222312110218e-48	Cenpb
Cux2_244	2274	1970	1.13817231748701	0.986015596063946	1.15431472081218	1.44935941388345e-06	2.2205090500398e-06	Cux2
Onecut3_245	9390	6478	4.69984083606114	3.24233960979809	1.44952145723989	6.46458940780752e-124	2.67041917593544e-123	Onecut3
Lin54_246	12437	5529	6.22491165900878	2.76735037088201	2.24941219026949	0	0	Lin54
Cxxc1_247	9174	940	4.59172948136581	0.470484599137111	9.75957446808511	0	0	Cxxc1
Mbd1_248	2089	147	1.04557694425258	0.0735757830565482	14.2108843537415	0	0	Mbd1
Kdm2b_249	954	831	0.477491816571068	0.415928406258446	1.14801444043321	0.00189527839486136	0.00269794863294275	Kdm2b
Dmrtc2_250	6168	5210	3.08717979518904	2.60768591649399	1.18387715930902	4.21595315255126e-20	8.20903653492361e-20	Dmrtc2
Dmrt1_251	6120	4300	3.06315504970119	2.15221678328679	1.42325581395349	1.54658136322614e-73	4.71440663824794e-73	Dmrt1
Dmrt3_252	5010	4365	2.5075828102946	2.18475029280159	1.14776632302405	8.30087818555937e-12	1.4084407516381e-11	Dmrt3
Dmrta1_253	7010	5523	3.50861387228846	2.76434727769603	1.26923773311606	7.59202286936316e-42	1.75231023929949e-41	Dmrta1
Dmrt2_254	6580	4301	3.29339219395978	2.15271729881778	1.52987677284352	1.06062855108943e-109	4.02401561872558e-109	Dmrt2
Tfdp2_255	4853	1718	2.42900187192809	0.85988568225272	2.82479627473807	0	0	Tfdp2
Tfdp1_256	4853	1718	2.42900187192809	0.85988568225272	2.82479627473807	0	0	Tfdp1
E2f4_257	9910	2685	4.96010891217955	1.34388420072675	3.69087523277467	0	0	E2f4
E2f3_258	2119	636	1.06059241018249	0.318327877714045	3.33176100628931	2.16112418226488e-186	1.27362251808144e-185	E2f3
E2f2_259	1991	598	0.996526422214881	0.299308287536162	3.32943143812709	4.75503468657842e-175	2.51703632511097e-174	E2f2
E2f7_260	5257	3335	2.63121014645084	1.66921929587475	1.57631184407796	1.48642361333041e-98	5.34145721213042e-98	E2f7
E2f1_261	10103	2624	5.05670840966195	1.31335275333594	3.85022865853659	0	0	E2f1
E2f5_262	2151	668	1.07660890717439	0.334344374705947	3.22005988023952	9.10182399062457e-182	5.09241291627349e-181	E2f5
E2f8_263	6687	4807	3.34694735577645	2.40597815750223	1.39109631786977	2.35539265106523e-71	6.98713793134788e-71	E2f8
E2f6_264	20414	16827	10.2175240497713	8.42217484008529	1.21316931122601	3.20057583059659e-85	1.07988894436923e-84	E2f6
Sfpi1_265	11197	10142	5.60427240057259	5.07622851537083	1.10402287517255	5.97105618996902e-14	1.04938641589118e-13	Sfpi1
Elf3_266	9662	9119	4.83598106049231	4.56420112716098	1.05954600285119	2.54402630384222e-05	3.7796962228513e-05	Elf3
Etv3_267	5425	3953	2.71529675565833	1.97853789403085	1.37237541108019	7.88983467790983e-54	1.98142439070236e-53	Etv3
Etv1_268	4998	1686	2.50157662392264	0.843869185260819	2.9644128113879	0	0	Etv1
Spic_269	13627	14130	6.82052514089512	7.07228445298658	0.964401981599434	0.999143898971376	1	Spic
Etv2_270	6103	4637	3.05464628567424	2.32089051723275	1.3161526849256	5.1868482244193e-47	1.24597114956159e-46	Etv2
Spib_271	23179	22208	11.6014494929778	11.1154489123798	1.04372298270893	6.6183025082483e-07	1.01926470684521e-06	Spib
Elk3_272	5435	1840	2.7203019109683	0.920948577034345	2.95380434782609	0	0	Elk3
Gabpa_273	5189	3183	2.59717509034305	1.59314093516322	1.63022306000628	5.42503037988815e-110	2.06712364475049e-109	Gabpa
Elk1_274	5463	1762	2.73431634583621	0.881908365616585	3.10045402951192	0	0	Elk1
Ehf_275	9985	7645	4.99764757700431	3.82644123447151	1.30608240680183	4.46296490943295e-73	1.346505453904e-72	Ehf
Etv5_276	4855	1778	2.43000290299008	0.889916614112536	2.73059617547806	0	0	Etv5
Fli1_277	4934	3422	2.46954362993884	1.71276414707148	1.44184687317358	2.81989405906442e-63	7.74157250997811e-63	Fli1
Etv4_278	4953	2185	2.47905342502778	1.09362643522829	2.26681922196796	5.19694764842898e-246	3.92658266770189e-245	Etv4
Spdef_279	3420	1734	1.71176311600949	0.867893930748671	1.97231833910035	6.52341986739199e-126	2.75918811616006e-125	Spdef
Elk4_280	4994	1707	2.49957456179865	0.854380011411754	2.92560046865846	0	0	Elk4
Elf5_281	11365	9457	5.68835900978007	4.73337537663794	1.20175531352437	2.52408474544214e-42	5.84107569364097e-42	Elf5
Etv6_282	5722	4462	2.86394986836442	2.23330029930829	1.28238458090542	5.3496418989878e-37	1.2125854971039e-36	Etv6
Elf4_283	6446	5186	3.22632311280619	2.59567354375006	1.24296182028538	9.74033656693299e-33	2.11559152952549e-32	Elf4
Ets1_284	5055	4382	2.53010600918947	2.19325905682853	1.15358283888635	1.24782223992877e-12	2.14606003909928e-12	Ets1
Elf1_285	18802	17136	9.41069301380422	8.57683413916334	1.09722222222222	1.65919794880539e-20	3.24498005916807e-20	Elf1
Elf2_286	6428	3896	3.21731383324825	1.95000850876403	1.64989733059548	3.1863757694213e-142	1.46706051050439e-141	Elf2
Erg_287	5596	3925	2.8008849114588	1.96452345916294	1.42573248407643	7.43204618258669e-68	2.11251730720471e-67	Erg
Erf_288	5934	4068	2.97005916093576	2.0360971800955	1.45870206489676	2.67606970323629e-80	8.50951661029095e-80	Erf
ENSMUSG00000044690_289	4855	1778	2.43000290299008	0.889916614112536	2.73059617547806	0	0	ENSMUSG00000044690
Gm5454_290	5158	1674	2.58165910888215	0.837862998888856	3.08124253285544	0	0	Gm5454
Fev_291	5216	2848	2.61068900967997	1.42546823227925	1.8314606741573	8.98959065349984e-159	4.48971646197393e-158	Fev
Gm4881_292	5189	3183	2.59717509034305	1.59314093516322	1.63022306000628	5.42503037988815e-110	2.06712364475049e-109	Gm4881
Gm4881_293	19664	17398	9.84213740152357	8.70796920828453	1.13024485573054	2.27282248767177e-35	5.11240478142964e-35	Gm4881
Gm4881_294	2671	2145	1.33687698329279	1.07360581398841	1.24522144522145	1.2834116825924e-14	2.28737082139452e-14	Gm4881
Gm4881_295	11553	8930	5.7824559296075	4.46960369180256	1.29372900335946	2.01418882304096e-79	6.38187426368534e-79	Gm4881
Gm4881_296	12346	12454	6.17936474568806	6.23342042303573	0.99132808736149	0.762597506119044	0.979849121234353	Gm4881
Gm4881_297	13706	11418	6.86006586784388	5.71488633292291	1.20038535645472	1.32979678266766e-50	3.26538987743948e-50	Gm4881
Foxj2_298	9462	8629	4.73587795429292	4.31894851697248	1.09653494031753	1.21195152820613e-10	2.02910066464814e-10	Foxj2
Foxg1_299	9607	11051	4.80845270628748	5.53119713304704	0.869333092027871	1	1	Foxg1
Foxp4_300	8261	8629	4.13475880156561	4.31894851697248	0.957353111600417	0.998142370232504	1	Foxp4
Foxp2_301	11943	8629	5.9776569866963	4.31894851697248	1.38405377216363	3.7495471674301e-125	1.56349042264538e-124	Foxp2
Foxp1_302	9969	10097	4.98963932850836	5.05370531647597	0.987322967217985	0.824958973083486	1	Foxp1
Foxj3_303	12249	9857	6.13081473918136	4.93358158903671	1.24267018362585	6.6843375523436e-62	1.80701969304946e-61	Foxj3
Foxh1_304	8345	6929	4.17680210616935	3.46807211427771	1.20435849328907	7.81923833121781e-32	1.67873642092709e-31	Foxh1
Foxj1_305	23419	19891	11.721573220417	9.95575442705987	1.17736664823287	2.10984027269525e-72	6.27979394297172e-72	Foxj1
Foxa1_306	15381	14746	7.69842938226373	7.38060202008068	1.04306252543063	7.26976291253311e-05	0.000106752000243842	Foxa1
Foxa2_307	7572	6717	3.78990360070873	3.36196282170636	1.12728896828941	1.69937341565157e-13	2.9747447513584e-13	Foxa2
Foxf2_308	8358	8508	4.18330880807232	4.25838613772185	0.982369534555713	0.882593950151197	1	Foxf2
Foxq1_309	10676	8095	5.34350380892319	4.05167322342012	1.31883878937616	1.86967151314507e-83	6.21349480308363e-83	Foxq1
Foxk2_310	12656	8629	6.33452456029711	4.31894851697248	1.46668211843783	3.04869880332633e-178	1.66361095193856e-177	Foxk2
Foxp3_311	8261	8629	4.13475880156561	4.31894851697248	0.957353111600417	0.998142370232504	1	Foxp3
Foxf1a_312	8358	8508	4.18330880807232	4.25838613772185	0.982369534555713	0.882593950151197	1	Foxf1a
Foxo4_313	7928	9820	3.96808712974364	4.91506251438982	0.807331975560082	1	1	Foxo4
Foxo1_314	15497	13058	7.75648918385938	6.53573180375787	1.18678204931843	4.89609392782313e-51	1.20561198668403e-50	Foxo1
Foxe3_315	11176	6430	5.59376157442165	3.21831486431024	1.73810264385692	1.20425360857383e-296	1.0862859081421e-295	Foxe3
Foxc2_316	14953	13379	7.48420873499705	6.69639728920788	1.11764705882353	1.54404030257312e-22	3.06038481496555e-22	Foxc2
Foxi1_317	18211	16826	9.11488833498503	8.42167432455429	1.08231308688934	4.8951244390422e-15	8.81321793098432e-15	Foxi1
Foxi2_318	18211	16826	9.11488833498503	8.42167432455429	1.08231308688934	4.8951244390422e-15	8.81321793098432e-15	Foxi2
Foxo3_319	9735	8629	4.87251869425508	4.31894851697248	1.12817244176614	3.39561245127986e-17	6.41393463019529e-17	Foxo3
Foxc1_320	13225	12712	6.61931789743436	6.36255343003293	1.04035556954059	0.000505005988255532	0.000728263121725759	Foxc1
Foxo6_321	7967	10265	3.98760723545252	5.13779192568345	0.776132489040429	1	1	Foxo6
Foxd2_322	11176	6430	5.59376157442165	3.21831486431024	1.73810264385692	1.20425360857383e-296	1.0862859081421e-295	Foxd2
Foxi3_323	18211	16826	9.11488833498503	8.42167432455429	1.08231308688934	4.8951244390422e-15	8.81321793098432e-15	Foxi3
Foxk1_324	12656	8629	6.33452456029711	4.31894851697248	1.46668211843783	3.04869880332633e-178	1.66361095193856e-177	Foxk1
Foxb2_325	13415	12571	6.71441584832377	6.29198074016237	1.06713865245406	3.17397203147601e-08	5.07376360908643e-08	Foxb2
Foxb1_326	13415	12571	6.71441584832377	6.29198074016237	1.06713865245406	3.17397203147601e-08	5.07376360908643e-08	Foxb1
Foxd3_327	20093	17485	10.0568585643213	8.75151405948127	1.14915641978839	1.16545616022073e-45	2.74736865502701e-45	Foxd3
Foxe1_328	20093	17485	10.0568585643213	8.75151405948127	1.14915641978839	1.16545616022073e-45	2.74736865502701e-45	Foxe1
Foxs1_329	14953	13379	7.48420873499705	6.69639728920788	1.11764705882353	1.54404030257312e-22	3.06038481496555e-22	Foxs1
Foxd1_330	11760	11132	5.88606264452386	5.57173889105779	1.05641394178944	9.84596443017167e-06	1.47272970495292e-05	Foxd1
Gm5294_331	9955	12491	4.98263211107441	6.25193949768261	0.796973821151229	1	1	Gm5294
Gm5294_332	21667	19548	10.8446700101104	9.78407759992793	1.10839983630039	1.55617532285205e-28	3.21415650794676e-28	Gm5294
Gm5294_333	15947	13763	7.98172117280799	6.8885952531107	1.1586863329216	6.59887582395488e-40	1.511245136885e-39	Gm5294
Gm5294_334	11760	11132	5.88606264452386	5.57173889105779	1.05641394178944	9.84596443017167e-06	1.47272970495292e-05	Gm5294
Gm5294_335	23419	19891	11.721573220417	9.95575442705987	1.17736664823287	2.10984027269525e-72	6.27979394297172e-72	Gm5294
Gm5294_336	14839	10079	7.4271499644634	5.04469603691803	1.47226907431293	2.4942658685822e-214	1.68315345635624e-213	Gm5294
Gm5294_337	22718	17334	11.3707118331882	8.67593621430073	1.31060343832929	1.17158838316539e-177	6.2768735195043e-177	Gm5294
Gm5294_338	5121	4657	2.56314003423526	2.33090082785269	1.09963495812755	1.06095735417866e-06	1.62827482828808e-06	Gm5294
Gm5294_339	11207	8180	5.60927755588256	4.09421704355486	1.3700488997555	1.09892446763217e-110	4.24213637286829e-110	Gm5294
Gm5294_340	18211	16826	9.11488833498503	8.42167432455429	1.08231308688934	4.8951244390422e-15	8.81321793098432e-15	Gm5294
Gm5294_341	20093	17485	10.0568585643213	8.75151405948127	1.14915641978839	1.16545616022073e-45	2.74736865502701e-45	Gm5294
Gm5294_342	4179	4781	2.09165440403616	2.39296475369631	0.874084919472914	0.999999999942321	1	Gm5294
Gm5294_343	13132	10353	6.57276995305164	5.18183729241118	1.2684246112238	2.2362475293244e-78	7.03502781467178e-78	Gm5294
Gm5294_344	15092	12189	7.55378039380562	6.10078380732154	1.23816555911067	1.85154344128233e-74	5.70301185398459e-74	Gm5294
Gm5294_345	4268	2663	2.13620028629488	1.33287285904482	1.60270371761172	3.52388372789386e-85	1.17996712706749e-84	Gm5294
Gm5294_346	6103	3651	3.05464628567424	1.82738220366978	1.67159682278828	4.68332975076066e-141	2.13405335034661e-140	Gm5294
Gm5294_347	15051	10578	7.53325925703475	5.29445328688549	1.42285876347136	1.63067852827062e-184	9.42169816334134e-184	Gm5294
Gm5294_348	13705	9569	6.85956535231288	4.78943311610959	1.43222907304839	8.14145513705047e-173	4.25860730245717e-172	Gm5294
Gm5294_349	7794	7635	3.90101804859005	3.82143607916154	1.02082514734774	0.0972640062509074	0.131269284772217	Gm5294
Gm5294_350	4872	6029	2.43851166701703	3.01760813638047	0.808094211311992	1	1	Gm5294
Gm5294_351	6270	6367	3.13823237935073	3.18678238585743	0.984765195539501	0.812162662252584	1	Gm5294
Gm5294_352	12055	11189	6.03371472616795	5.60026827632461	1.07739744391813	2.50518934851856e-09	4.04860582100623e-09	Gm5294
Gm5294_353	15365	7932	7.69042113376778	3.97008919186762	1.93709026727181	0	0	Gm5294
Foxl1_354	9955	12491	4.98263211107441	6.25193949768261	0.796973821151229	1	1	Foxl1
Foxl1_355	21667	19548	10.8446700101104	9.78407759992793	1.10839983630039	1.55617532285205e-28	3.21415650794676e-28	Foxl1
Foxl1_356	15947	13763	7.98172117280799	6.8885952531107	1.1586863329216	6.59887582395488e-40	1.511245136885e-39	Foxl1
Foxl1_357	23419	19891	11.721573220417	9.95575442705987	1.17736664823287	2.10984027269525e-72	6.27979394297172e-72	Foxl1
Foxl1_358	22718	17334	11.3707118331882	8.67593621430073	1.31060343832929	1.17158838316539e-177	6.2768735195043e-177	Foxl1
Foxl1_359	11760	11132	5.88606264452386	5.57173889105779	1.05641394178944	9.84596443017167e-06	1.47272970495292e-05	Foxl1
Foxl1_360	14839	10079	7.4271499644634	5.04469603691803	1.47226907431293	2.4942658685822e-214	1.68315345635624e-213	Foxl1
Foxl1_361	13580	17984	6.79700091093827	9.00127130944873	0.755115658362989	1	1	Foxl1
Foxl1_362	18211	16826	9.11488833498503	8.42167432455429	1.08231308688934	4.8951244390422e-15	8.81321793098432e-15	Foxl1
Foxl1_363	11207	8180	5.60927755588256	4.09421704355486	1.3700488997555	1.09892446763217e-110	4.24213637286829e-110	Foxl1
Foxl1_364	5121	4657	2.56314003423526	2.33090082785269	1.09963495812755	1.06095735417866e-06	1.62827482828808e-06	Foxl1
Foxl1_365	3833	4466	1.91847603031122	2.23530236143228	0.858262427227944	0.999999999999012	1	Foxl1
Foxl1_366	20093	17485	10.0568585643213	8.75151405948127	1.14915641978839	1.16545616022073e-45	2.74736865502701e-45	Foxl1
Foxl1_367	19401	15014	9.71050181687138	7.51474018238786	1.29219395231118	1.14223489837416e-135	5.12556167595308e-135	Foxl1
Foxl1_368	16135	13335	8.07581809263541	6.67437460584402	1.20997375328084	9.11509383871936e-65	2.54187474871543e-64	Foxl1
Foxl1_369	13132	10353	6.57276995305164	5.18183729241118	1.2684246112238	2.2362475293244e-78	7.03502781467178e-78	Foxl1
Foxl1_370	15092	12189	7.55378039380562	6.10078380732154	1.23816555911067	1.85154344128233e-74	5.70301185398459e-74	Foxl1
Foxl1_371	4268	2663	2.13620028629488	1.33287285904482	1.60270371761172	3.52388372789386e-85	1.17996712706749e-84	Foxl1
Foxl1_372	6103	3651	3.05464628567424	1.82738220366978	1.67159682278828	4.68332975076066e-141	2.13405335034661e-140	Foxl1
Foxl1_373	15051	10578	7.53325925703475	5.29445328688549	1.42285876347136	1.63067852827062e-184	9.42169816334134e-184	Foxl1
Foxl1_374	6423	4796	3.21481125559326	2.40047248666126	1.33924103419516	3.75695196989002e-55	9.59868653578837e-55	Foxl1
Foxl1_375	13705	9569	6.85956535231288	4.78943311610959	1.43222907304839	8.14145513705047e-173	4.25860730245717e-172	Foxl1
Foxl1_376	4872	6029	2.43851166701703	3.01760813638047	0.808094211311992	1	1	Foxl1
Foxl1_377	6270	6367	3.13823237935073	3.18678238585743	0.984765195539501	0.812162662252584	1	Foxl1
Foxl1_378	12055	11189	6.03371472616795	5.60026827632461	1.07739744391813	2.50518934851856e-09	4.04860582100623e-09	Foxl1
Foxl1_379	15365	7932	7.69042113376778	3.97008919186762	1.93709026727181	0	0	Foxl1
Foxl1_380	31827	23237	15.9299078050392	11.6304793937756	1.36966906227138	0	0	Foxl1
Foxl1_381	29242	22898	14.6360751574121	11.4608046287676	1.27705476460826	1.00726574546499e-195	6.18349249299343e-195	Foxl1
Gata6_382	6113	13581	3.05965144098421	6.79750142646926	0.450114130034607	1	1	Gata6
Gata2_383	8865	13817	4.43707018228776	6.91562309178454	0.641600926395021	1	1	Gata2
Gata3_384	6778	9274	3.39249426909717	4.6417810344655	0.730860470131551	1	1	Gata3
Gata5_385	5090	10659	2.54762405277436	5.33499504489624	0.477530725208744	1	1	Gata5
Gata4_386	5378	11419	2.69177252570147	5.71538684845391	0.470969436903407	1	1	Gata4
Gata1_387	9719	15694	4.86451044575913	7.85509074346577	0.619281253982414	1	1	Gata1
Gcm1_388	1538	1094	0.769792886673274	0.547563990910638	1.40585009140768	1.91375072058944e-18	3.6697519240804e-18	Gcm1
Tcfcp2_389	792	1564	0.396408300549566	0.782806290479194	0.506393861892583	1	1	Tcfcp2
Grhl1_390	2466	2463	1.23427129943842	1.23276975284543	1.00121802679659	0.488566235617983	0.639840818201922	Grhl1
Tcfcp2l1_391	14270	9484	7.14235662732615	4.74688929597485	1.50463939266132	1.32144450449833e-226	9.27108684108351e-226	Tcfcp2l1
Dux_392	7378	1612	3.69280358769533	0.806831035967046	4.57692307692308	0	0	Dux
Lhx2_393	5999	2438	3.00259267045056	1.22025686457051	2.46062346185398	0	0	Lhx2
Hoxb6_394	4851	5348	2.42800084086609	2.67675705977156	0.907068062827225	0.999999707747551	1	Hoxb6
Hoxa10_395	4312	4304	2.15822296965875	2.15421884541077	1.00185873605948	0.469614659573001	0.616848973347003	Hoxa10
Hoxa4_396	5354	4732	2.67976015295755	2.36843949267746	1.13144547759932	1.86535215060396e-10	3.11126660591302e-10	Hoxa4
Sebox_397	6746	3661	3.37647777210527	1.83238735897975	1.84266593826823	2.20203042023765e-209	1.46360518157149e-208	Sebox
Meox1_398	5896	3225	2.95103957075788	1.61416258746509	1.82821705426357	8.96869539431143e-179	4.95520420535706e-178	Meox1
Nkx21_399	5153	3304	2.57915653122716	1.65370331441385	1.55962469733656	9.91416700596056e-93	3.47782683859886e-92	Nkx21
Irx2_400	4710	5079	2.35742815099553	2.54211838193339	0.927347903130537	0.99992368132796	1	Irx2
Dlx3_401	4489	3416	2.2468142186452	1.7097610538855	1.31411007025761	1.622742961197e-34	3.62248681236906e-34	Dlx3
Mnx1_402	4955	4011	2.48005445608977	2.00756779482867	1.2353527798554	3.33190902056981e-24	6.70935666101073e-24	Mnx1
Hoxc13_403	6532	5574	3.26936744847193	2.78987356977687	1.1718693936132	4.91244870233458e-19	9.46101231560733e-19	Hoxc13
Hoxc11_404	4087	5507	2.04560697518444	2.75633902920008	0.742146359179226	1	1	Hoxc11
Hoxc8_405	4930	4303	2.46754156781485	2.15371832987978	1.14571229374855	2.14299537503327e-11	3.60839602196078e-11	Hoxc8
Hoxc6_406	6789	3868	3.39799993993814	1.93599407389611	1.75517063081696	2.54970723918521e-183	1.45415561254176e-182	Hoxc6
Evx2_407	5515	3072	2.76034315344805	1.53758371122256	1.79524739583333	9.13143084610225e-159	4.5349353190755e-158	Evx2
Hoxd13_408	6227	5161	3.11671021151786	2.58316065547514	1.20654911838791	1.98518734199788e-24	4.00663381352997e-24	Hoxd13
Hoxd12_409	3651	5305	1.82738220366978	2.6552348919387	0.688218661639962	1	1	Hoxd12
Evx1_410	5160	3108	2.58266013994414	1.55560227033845	1.66023166023166	1.84362593873685e-116	7.44185082120264e-116	Evx1
Otx1_411	6554	6579	3.28037879015386	3.29289167842878	0.996200030399757	0.591225669914988	0.768593370889484	Otx1
Rhox6_412	6270	2438	3.13823237935073	1.22025686457051	2.57178014766202	0	0	Rhox6
Vax1_413	5371	3154	2.68826891698449	1.57862598476431	1.70291693088142	9.05790154766338e-132	3.96395295452199e-131	Vax1
Pknox1_414	13136	9215	6.57477201517563	4.61225061813668	1.42550189907759	1.81650153020872e-161	9.22866294657763e-161	Pknox1
Phox2a_415	5565	2495	2.7853689299979	1.24878624983733	2.23046092184369	3.68655440147284e-268	2.96264917354726e-267	Phox2a
Pou6f1_416	8852	5114	4.4305634803848	2.55963642551828	1.73093468908878	2.66792348880089e-230	1.90197126137096e-229	Pou6f1
Nanog_417	3591	3101	1.79735127180996	1.55209866162147	1.15801354401806	8.15155632530037e-10	1.34691136290944e-09	Nanog
Phox2b_418	5565	2495	2.7853689299979	1.24878624983733	2.23046092184369	3.68655440147284e-268	2.96264917354726e-267	Phox2b
Alx3_419	5522	6872	2.76384676216503	3.43954272901088	0.803550640279395	1	1	Alx3
Hoxa2_420	5642	3953	2.82390862588466	1.97853789403085	1.4272704275234	8.91691920702161e-69	2.56760800619124e-68	Hoxa2
Nkx25_421	6311	5589	3.15875351612161	2.79738130274182	1.12918232241904	9.59765206832438e-12	1.62534950735608e-11	Nkx25
Lhx1_422	7344	3923	3.67578605964143	1.96352242810094	1.87203670660209	3.36213358920021e-238	2.47677174404416e-237	Lhx1
Hoxb1_423	7196	6432	3.60170976105389	3.21931589537223	1.11878109452736	1.44590671667205e-11	2.44394175437494e-11	Hoxb1
Lhx9_424	5999	2438	3.00259267045056	1.22025686457051	2.46062346185398	0	0	Lhx9
Meis1_425	12040	8734	6.026206993203	4.37150264772716	1.37852072360889	2.0112304021138e-123	8.26943104869117e-123	Meis1
Hnf1b_426	4236	2956	2.12018378930298	1.47952390962692	1.43301759133965	7.19406062939351e-53	1.78639033606288e-52	Hnf1b
Dlx4_427	3613	3920	1.8083626134919	1.96202088150795	0.921683673469388	0.999830204461019	1	Dlx4
Hoxb9_428	6837	6422	3.42202468542599	3.21431074006226	1.06462161320461	0.000127679647719625	0.000186252159379783	Hoxb9
Gsc_429	4277	5974	2.14070492607386	2.99007978217564	0.715935721459659	1	1	Gsc
Six6_430	3218	5080	1.61065897874811	2.54261889746439	0.633464566929134	1	1	Six6
Vsx2_431	4820	2827	2.41248485940519	1.41495740612831	1.70498761938451	1.12451426644891e-118	4.55995693367357e-118	Vsx2
Barx1_432	4116	4142	2.06012192558335	2.07313532938927	0.993722839208112	0.617999945279683	0.801043917341994	Barx1
Msx2_433	3324	2115	1.66371362503378	1.0585903480585	1.57163120567376	6.75480395643573e-62	1.82050204191743e-61	Msx2
Pitx1_434	8055	7549	4.03165260218025	3.7783917434958	1.06702874552921	1.85877428585022e-05	2.76625668129898e-05	Pitx1
Irx4_435	1639	7274	0.820344955303963	3.64074997247165	0.225323068463019	1	1	Irx4
Otp_436	5449	4320	2.72730912840225	2.16222709390672	1.26134259259259	3.02137287925583e-31	6.38969766809128e-31	Otp
Otx2_437	6554	6579	3.28037879015386	3.29289167842878	0.996200030399757	0.591225669914988	0.768593370889484	Otx2
Hmbox1_438	4915	3249	2.4600338348499	1.62617496020902	1.51277316097261	3.43490126705822e-78	1.07675628371612e-77	Hmbox1
Nkx31_439	5534	5265	2.76985294853699	2.63521427069882	1.05109211775878	0.0044661658145053	0.00625687889068572	Nkx31
Hoxc10_440	6247	3113	3.1267205221378	1.55810484799343	2.00674590427241	2.81081504562229e-240	2.08803403389084e-239	Hoxc10
Hoxc5_441	6188	6872	3.09719010580898	3.43954272901088	0.90046565774156	0.999999999455438	1	Hoxc5
Gsc2_442	5173	4119	2.5891668418471	2.06162347217634	1.25588735129886	9.31636034649284e-29	1.93325411884969e-28	Gsc2
Dlx2_443	3653	2423	1.82838323473177	1.21274913160555	1.50763516302105	1.61989302875274e-57	4.22414583308974e-57	Dlx2
Esx1_444	5449	3012	2.72730912840225	1.50755277936274	1.80909694555113	2.54445646164765e-160	1.2853140069123e-159	Esx1
Six2_445	1219	4292	0.610128432285254	2.14821265903881	0.284016775396086	1	1	Six2
Pou4f3_446	6519	3597	3.26286074656897	1.80035436499595	1.81234361968307	3.89056752920004e-193	2.3396338066754e-192	Pou4f3
Rax_447	4868	2596	2.43650960489304	1.29933831846802	1.87519260400616	7.44277548627756e-158	3.63503509937534e-157	Rax
Cdx1_448	5363	4836	2.68426479273652	2.42049310790114	1.10897435897436	6.5550321471848e-08	1.0384674584429e-07	Cdx1
Hhex_449	2737	4872	1.36991100833859	2.43851166701703	0.561781609195402	1	1	Hhex
Tlx1_450	5490	4994	2.74783026517313	2.49957456179865	1.09931918301962	4.79339373024124e-07	7.39504373042453e-07	Tlx1
Lbx1_451	5619	4156	2.81239676867173	2.08014254682323	1.35202117420597	3.73309909033169e-51	9.21804356383578e-51	Lbx1
Pitx3_452	7588	5849	3.79791184920468	2.92751534080103	1.29731578047529	5.82482080052321e-53	1.45046241905986e-52	Pitx3
Msx3_453	4819	2705	2.41198434387419	1.35389451134669	1.7815157116451	1.35210301893295e-135	6.03666196331681e-135	Msx3
Lhx4_454	5522	4741	2.76384676216503	2.37294413245643	1.16473317865429	3.00262555999988e-15	5.47282679389669e-15	Lhx4
Prrx1_455	5695	2495	2.8504359490275	1.24878624983733	2.28256513026052	4.79651400971714e-287	4.11661979086403e-286	Prrx1
Lmx1a_456	5450	1370	2.72780964393325	0.68570627746579	3.97810218978102	0	0	Lmx1a
Barhl1_457	3579	3559	1.791345085438	1.78133477481806	1.00561955605507	0.410242575498339	0.539664340387697	Barhl1
Lhx6_458	4175	3339	2.08965234191217	1.67122135799874	1.25037436358191	1.0755348302236e-22	2.14138015747222e-22	Lhx6
Lhx3_459	7636	4171	3.82193659469253	2.08765027978818	1.83073603452409	2.55308192422761e-233	1.8652267942291e-232	Lhx3
Hoxd8_460	3686	2915	1.84490024725467	1.45900277285604	1.26449399656947	5.49288423361205e-22	1.08628851510359e-21	Hoxd8
Meis2_461	12040	7977	6.026206993203	3.99261239076249	1.50933935063307	2.81775665813216e-192	1.68303843634381e-191	Meis2
Nkx22_462	5981	5099	2.99358339089262	2.55212869255333	1.17297509315552	1.01178343968902e-17	1.92347647459159e-17	Nkx22
Shox2_463	5029	3391	2.51709260538354	1.69724816561058	1.48304335004423	2.01411500972151e-73	6.09752626230757e-73	Shox2
Pitx2_464	6554	6579	3.28037879015386	3.29289167842878	0.996200030399757	0.591225669914988	0.768593370889484	Pitx2
Lhx8_465	7877	3268	3.94256083766279	1.63568475529796	2.41034271725826	0	0	Lhx8
Dmbx1_466	4525	6976	2.26483277776109	3.49159634423456	0.64865252293578	1	1	Dmbx1
Pax7_467	2517	2284	1.25979759151926	1.14317747279698	1.10201401050788	0.000376972448047124	0.00054451575829029	Pax7
Nkx11_468	4637	3112	2.32089051723275	1.55760433246244	1.49003856041131	3.62185235621096e-69	1.04631290290539e-68	Nkx11
Uncx_469	5029	1370	2.51709260538354	0.68570627746579	3.67080291970803	0	0	Uncx
Hnf1a_470	3749	4556	1.87643272570748	2.280348759222	0.822870939420544	1	1	Hnf1a
Lhx5_471	7789	3838	3.89851547093506	1.92097860796621	2.029442417926	1.0517397691468e-308	9.68477037422675e-308	Lhx5
Pdx1_472	3756	2486	1.87993633442446	1.24428161005836	1.51086082059533	1.22252074194403e-59	3.24537037801359e-59	Pdx1
Cdx2_473	5590	5931	2.79788181827282	2.96855761434277	0.942505479683021	0.999388408506391	1	Cdx2
Cux1_474	5389	4606	2.69727819654244	2.30537453577184	1.1699956578376	1.1357656707714e-15	2.08735312466095e-15	Cux1
Pax4_475	3442	2044	1.72277445769142	1.02305374535772	1.6839530332681	1.37974853260937e-81	4.48418273098044e-81	Pax4
Nobox_476	3750	2397	1.87693324123848	1.19973572779963	1.56445556946183	1.76862183867688e-68	5.07617436815053e-68	Nobox
Dlx6_477	4246	1926	2.12518894461295	0.963992912700081	2.20456905503634	1.70174334230871e-199	1.09805920773788e-198	Dlx6
Dlx5_478	3663	4319	1.83338839004174	2.16172657837573	0.848112989117851	0.999999999999947	1	Dlx5
Hoxa1_479	6056	3154	3.03112205571739	1.57862598476431	1.92010145846544	3.91608250014788e-209	2.58344547024681e-208	Hoxa1
Dbx1_480	8009	1847	4.00862888775439	0.924452185751324	4.33622089875474	0	0	Dbx1
Cdx4_481	5363	4836	2.68426479273652	2.42049310790114	1.10897435897436	6.5550321471848e-08	1.0384674584429e-07	Cdx4
Isx_482	4197	2438	2.1006636835941	1.22025686457051	1.72149302707137	1.54827591192144e-106	5.75073910142249e-106	Isx
Irx3_483	3096	3271	1.54959608396649	1.63718630189095	0.946499541424641	0.986911998216516	1	Irx3
Irx5_484	3726	4617	1.86492086849455	2.31088020661281	0.807017543859649	1	1	Irx5
Irx6_485	1072	7132	0.536552649228706	3.56967676707008	0.150308468872687	1	1	Irx6
Pbx4_486	8760	5920	4.38451605153308	2.96305194350181	1.47972972972973	4.98786934754285e-127	2.13008526725984e-126	Pbx4
Pou2f3_487	7991	4506	3.99961960819644	2.25532298267215	1.7734132268087	3.59838271204048e-223	2.48513306050296e-222	Pou2f3
Barx2_488	4790	3996	2.39746939347528	2.00006006186372	1.1986986986987	5.62718413357645e-18	1.07207559786241e-17	Barx2
Isl2_489	4827	6208	2.41598846812217	3.10720041642892	0.777545103092784	1	1	Isl2
Vsx1_490	5292	3900	2.64872819003574	1.95201057088801	1.35692307692308	2.95995868530666e-49	7.20827404355671e-49	Vsx1
Emx1_491	5501	2426	2.75333593601409	1.21425067819854	2.26751854905194	1.1305749638145e-273	9.34045110291604e-273	Emx1
Barhl2_492	4348	3993	2.17624152877464	1.99855851527073	1.08890558477335	4.46931859926309e-05	6.59578905133318e-05	Barhl2
Six4_493	3283	3687	1.64319248826291	1.84540076278567	0.890425820450231	0.999999509097204	1	Six4
Gbx2_494	5540	3508	2.77285604172297	1.75580848273722	1.57924743443558	1.33831110071906e-104	4.95007118424958e-104	Gbx2
Hdx_495	5742	12226	2.87396017898435	6.11930288196843	0.469654833960412	1	1	Hdx
Pbx2_496	8760	5920	4.38451605153308	2.96305194350181	1.47972972972973	4.98786934754285e-127	2.13008526725984e-126	Pbx2
Vax2_497	5454	3261	2.72981170605724	1.63218114658098	1.67249310027599	3.46415900172361e-126	1.47226757573254e-125	Vax2
Lbx2_498	7357	3208	3.68229276154439	1.60565382343814	2.29332917705736	0	0	Lbx2
Nkx61_499	6532	3676	3.26936744847193	1.8398950919447	1.77693144722524	7.46271097966873e-183	4.20193408027207e-182	Nkx61
Arx_500	5999	3172	3.00259267045056	1.58763526432225	1.89123581336696	2.98742345400672e-199	1.85977629108587e-198	Arx
Pknox2_501	11025	8116	5.51818372924112	4.06218404957106	1.35842779694431	1.35570982290835e-103	4.97281113465136e-103	Pknox2
Gsx2_502	5884	3055	2.94503338438592	1.52907494719561	1.92602291325696	1.04200617270579e-204	6.82321079016237e-204	Gsx2
Hoxc9_503	6096	4052	3.05114267695727	2.02808893159955	1.50444225074037	1.08261002405357e-94	3.81285761459504e-94	Hoxc9
Meox2_504	3053	3391	1.52807391613362	1.69724816561058	0.90032438808611	0.999989704812636	1	Meox2
Alx1_505	5999	3172	3.00259267045056	1.58763526432225	1.89123581336696	2.98742345400672e-199	1.85977629108587e-198	Alx1
Hoxa13_506	5233	4981	2.61919777370692	2.49306785989569	1.0505922505521	0.00593418962394652	0.00826113957097436	Hoxa13
Hoxa11_507	6953	5975	3.48008448702163	2.99058029770664	1.1636820083682	1.17455284006809e-18	2.25718415352216e-18	Hoxa11
Hoxa9_508	5283	3913	2.64422355025676	1.95851727279097	1.35011500127779	9.48024984241229e-48	2.28976526248428e-47	Hoxa9
Hoxa7_509	5102	3950	2.55363023914632	1.97703634743786	1.29164556962025	8.07407223725596e-35	1.81154311110007e-34	Hoxa7
Hoxa5_510	4929	4287	2.46704105228385	2.14571008138383	1.14975507347796	6.99318294893476e-12	1.18884110131891e-11	Hoxa5
Hoxb4_511	5047	5094	2.52610188494149	2.54962611489835	0.990773458971339	0.68538626443359	0.881923519300281	Hoxb4
Hoxb5_512	4314	4556	2.15922400072074	2.280348759222	0.946883230904302	0.995465020365336	1	Hoxb5
Pbx3_513	12279	6211	6.14583020511126	3.10870196302191	1.97697633231364	0	0	Pbx3
Hoxb7_514	3885	2831	1.94450283792306	1.4169594682523	1.37230660543977	7.47631580201699e-39	1.69898796117815e-38	Hoxb7
Lmx1b_515	6034	6872	3.02011071403546	3.43954272901088	0.878055878928987	0.99999999999997	1	Lmx1b
Six3_516	2764	4001	1.38342492767551	2.0025626395187	0.690827293176706	1	1	Six3
En2_517	5550	4071	2.77786119703294	2.03759872668849	1.36330140014738	5.00544669464555e-53	1.24994770566855e-52	En2
Hlx_518	5522	6872	2.76384676216503	3.43954272901088	0.803550640279395	1	1	Hlx
Prrx2_519	5999	3172	3.00259267045056	1.58763526432225	1.89123581336696	2.98742345400672e-199	1.85977629108587e-198	Prrx2
Hmx3_520	6409	4626	3.2078040381593	2.31538484639178	1.38543017725897	6.70817346307451e-67	1.88854310234327e-66	Hmx3
Alx4_521	5999	3172	3.00259267045056	1.58763526432225	1.89123581336696	2.98742345400672e-199	1.85977629108587e-198	Alx4
Tlx3_522	5490	4994	2.74783026517313	2.49957456179865	1.09931918301962	4.79339373024124e-07	7.39504373042453e-07	Tlx3
Hesx1_523	7253	3391	3.63023914632071	1.69724816561058	2.13889708050722	0	0	Hesx1
ENSMUSG00000040953_524	3186	2975	1.59464248175621	1.48903370471586	1.0709243697479	0.00350341600038358	0.00492371978432287	ENSMUSG00000040953
Meis3_525	12568	10041	6.29047919356938	5.02567644674014	1.25166816054178	1.88377347339177e-67	5.33735817461001e-67	Meis3
Crx_526	6611	6783	3.30890817542068	3.39499684675215	0.974642488574377	0.935812288558192	1	Crx
Obox6_527	3186	2975	1.59464248175621	1.48903370471586	1.0709243697479	0.00350341600038358	0.00492371978432287	Obox6
Dlx1_528	3716	3297	1.85991571318458	1.65019970569687	1.12708522899606	2.36173506476681e-07	3.6691982377045e-07	Dlx1
Isl1_529	4827	6208	2.41598846812217	3.10720041642892	0.777545103092784	1	1	Isl1
Hoxd1_530	4197	3012	2.1006636835941	1.50755277936274	1.39342629482072	1.80468436151997e-45	4.24292812655228e-45	Hoxd1
Hoxd4_531	5859	3426	2.93252049611099	1.71476620919547	1.71015761821366	8.93427797377579e-146	4.20101155788181e-145	Hoxd4
Hoxd11_532	2518	3924	1.26029810705026	1.96402294363194	0.641692150866463	1	1	Hoxd11
Hoxa6_533	5327	4401	2.66624623362063	2.20276885191748	1.21040672574415	1.0330745745442e-21	2.03393746970394e-21	Hoxa6
Hoxd9_534	7054	6100	3.53063655565232	3.05314473908125	1.15639344262295	1.4188203830612e-17	2.69149617730923e-17	Hoxd9
Emx2_535	5285	2777	2.64522458131876	1.38993162957847	1.90313287720562	3.45845671852855e-178	1.87562928784002e-177	Emx2
Nkx26_536	5748	5484	2.87696327217034	2.74482717198715	1.04814004376368	0.00591293564498728	0.00824453487408321	Nkx26
Nkx23_537	5872	5047	2.93902719801395	2.52610188494149	1.16346344362988	6.2585162491149e-16	1.16229587483562e-15	Nkx23
Gm4830_538	8055	7009	4.03165260218025	3.50811335675746	1.14923669567699	1.93191357277617e-18	3.69656190115614e-18	Gm4830
Prop1_539	5522	6872	2.76384676216503	3.43954272901088	0.803550640279395	1	1	Prop1
Pou3f3_540	4957	3101	2.48105548715177	1.55209866162147	1.59851660754595	6.39867785611419e-98	2.29005312745139e-97	Pou3f3
Dbx2_541	3663	6872	1.83338839004174	3.43954272901088	0.533032596041909	1	1	Dbx2
Tgif1_542	12527	8314	6.2699580567985	4.16128612470845	1.50673562665384	6.69473339419059e-199	4.13856246186327e-198	Tgif1
Msx1_543	4402	6208	2.20326936744847	3.10720041642892	0.709085051546392	1	1	Msx1
Duxbl_544	10918	4777	5.46462856742445	2.39096269157232	2.2855348545112	0	0	Duxbl
Nkx12_545	4592	2760	2.29836731833789	1.38142286555152	1.66376811594203	2.18756247074336e-104	8.05752176723806e-104	Nkx12
Hoxb3_546	4533	4356	2.26883690200907	2.18024565302261	1.04063360881543	0.0295190233921185	0.0404570801219112	Hoxb3
Hoxb13_547	5736	5969	2.87095708579837	2.98757720452066	0.960964985759759	0.985929545518609	1	Hoxb13
Nkx32_548	5668	5565	2.83692202969058	2.7853689299979	1.01850853548967	0.164479834052695	0.220972907754685	Nkx32
Hmx2_549	4989	4141	2.49707198414367	2.07263481385827	1.20478145375513	1.43440974063557e-19	2.78074169017947e-19	Hmx2
Hoxc12_550	3479	5490	1.74129353233831	2.74783026517313	0.633697632058288	1	1	Hoxc12
Hoxd10_551	5156	5701	2.58065807782015	2.85343904221348	0.904402736362042	0.999999946319178	1	Hoxd10
Rhox11_552	5442	5866	2.72380551968528	2.93602410482797	0.927719058983975	0.999974918382164	1	Rhox11
Six1_553	2233	3124	1.11765118071614	1.5636105188344	0.714788732394366	1	1	Six1
Pbx1_554	4117	5436	2.06062244111435	2.72080242649929	0.757358351729213	1	1	Pbx1
Pou3f2_555	7145	2405	3.57618346897304	1.20373985204761	2.97089397089397	0	0	Pou3f2
Gsx1_556	6757	4021	3.38198344294623	2.01257295013864	1.68042775428998	4.25952272392632e-159	2.13944209542663e-158	Gsx1
Nkx24_557	5669	5858	2.83742254522158	2.93201998058	0.967736428815295	0.963736931703714	1	Nkx24
Obox1_558	7992	7649	4.00012012372744	3.82844329659549	1.04484246306707	0.0026367244334538	0.00374135537587987	Obox1
Bsx_559	3970	3466	1.9870466580578	1.73478683043535	1.14541257934218	1.92780070350913e-09	3.13267614320234e-09	Bsx
Hoxb8_560	4702	4289	2.35342402674755	2.14671111244582	1.09629284215435	5.5266275947142e-06	8.3799979309217e-06	Hoxb8
Pou3f4_561	10343	4653	5.17683213710121	2.3288987657287	2.22286696754782	0	0	Pou3f4
Homez_562	493	278	0.246754156781485	0.139143317617146	1.77338129496403	4.09925781577197e-15	7.45626318753584e-15	Homez
En1_563	4462	4741	2.23330029930829	2.37294413245643	0.941151655768825	0.998427131832243	1	En1
Nkx29_564	6209	5827	3.10770093195992	2.91650399911909	1.06555689033808	0.00021045791459896	0.000305492276692087	Nkx29
Irx1_565	7081	5570	3.54415047498924	2.78787150765288	1.27127468581688	8.99594774884141e-43	2.08724876902252e-42	Irx1
Tgif2_566	12624	8377	6.3185080633052	4.19281860316126	1.50698340694759	1.19548245490788e-200	7.77063595690121e-200	Tgif2
Nkx63_567	6927	3516	3.46707108321571	1.75981260698519	1.97013651877133	2.00348710383399e-255	1.56732973432677e-254	Nkx63
Rhox8_568	4011	2936	2.00756779482867	1.46951359900698	1.36614441416894	4.43132499952163e-39	1.00961115968482e-38	Rhox8
Obox3_569	6160	8435	3.08317567094107	4.22184850395908	0.730290456431535	1	1	Obox3
Hmx1_570	4778	3719	2.39146320710332	1.86141725977757	1.28475396611992	1.70275395683089e-31	3.62707107912893e-31	Hmx1
Gbx1_571	6596	3869	3.30140044245573	1.93649458942711	1.70483329025588	1.0848448047045e-162	5.54336882866345e-162	Gbx1
Rhox9_572	6270	2438	3.13823237935073	1.22025686457051	2.57178014766202	0	0	Rhox9
Noto_573	4445	2219	2.22479153528134	1.11064396328218	2.00315457413249	9.31390201373105e-170	4.78691243031293e-169	Noto
Tlx2_574	6989	1847	3.49810304613752	0.924452185751324	3.78397401191121	0	0	Tlx2
Gm10391_575	10918	4777	5.46462856742445	2.39096269157232	2.2855348545112	0	0	Gm10391
Gm10394_576	10918	4777	5.46462856742445	2.39096269157232	2.2855348545112	0	0	Gm10394
Cphx_577	10280	5249	5.14529965864841	2.62720602220287	1.95846827967232	0	0	Cphx
Obox5_578	7402	6579	3.70481596043925	3.29289167842878	1.12509499924001	7.27444372609372e-13	1.26090357918958e-12	Obox5
AC1890281_579	8777	6579	4.39302481556003	3.29289167842878	1.33409332725338	1.33184606208934e-73	4.07388207227328e-73	AC1890281
Gm5889_580	6160	8435	3.08317567094107	4.22184850395908	0.730290456431535	1	1	Gm5889
Hoxc4_581	5118	5094	2.56163848764227	2.54962611489835	1.00471142520612	0.408826897410932	0.5386035429378	Hoxc4
Hoxb2_582	5601	4768	2.80338748911379	2.38645805179335	1.17470637583893	6.00499122896633e-17	1.12705143235801e-16	Hoxb2
Hoxd3_583	3861	5410	1.93249046517913	2.70778902269337	0.713678373382625	1	1	Hoxd3
Hoxa3_584	5663	4864	2.8344194520356	2.43450754276905	1.16426809210526	1.56222619618178e-15	2.86516173739562e-15	Hoxa3
NP_585	4175	3339	2.08965234191217	1.67122135799874	1.25037436358191	1.0755348302236e-22	2.14138015747222e-22	NP
NP_586	4538	2184	2.27133947966405	1.09312591969729	2.07783882783883	2.39829304478495e-188	1.42287990039591e-187	NP
NP_587	4263	2834	2.1336977086399	1.41846101484529	1.50423429781228	2.61333059895495e-66	7.33391825230533e-66	NP
NP_588	3174	2781	1.58863629538425	1.39193369170245	1.14131607335491	1.5291602678391e-07	2.38829978227874e-07	NP
NP_589	5605	4322	2.80538955123777	2.16322812496872	1.2968533086534	3.27980574476211e-39	7.4918560164592e-39	NP
NP_590	6409	4626	3.2078040381593	2.31538484639178	1.38543017725897	6.70817346307451e-67	1.88854310234327e-66	NP
NP_591	6837	6422	3.42202468542599	3.21431074006226	1.06462161320461	0.000127679647719625	0.000186252159379783	NP
NP_592	4702	4289	2.35342402674755	2.14671111244582	1.09629284215435	5.5266275947142e-06	8.3799979309217e-06	NP
NP_593	3835	3342	1.91947706137321	1.67272290459173	1.14751645721125	2.27811478265583e-09	3.69514397773899e-09	NP
NP_594	6096	4052	3.05114267695727	2.02808893159955	1.50444225074037	1.08261002405357e-94	3.81285761459504e-94	NP
NP_595	5961	5700	2.98357308027268	2.85293852668248	1.04578947368421	0.00726837830772433	0.0100867290801072	NP
NP_596	5792	4823	2.8989859555342	2.41398640599818	1.20091229525192	7.93182298006469e-22	1.56511864160205e-21	NP
NP_597	2936	3739	1.46951359900698	1.87142757039751	0.78523669430329	1	1	NP
NP_598	6561	3938	3.28388239887084	1.9710301610659	1.66607414931437	4.39036252717145e-150	2.08660240538686e-149	NP
NP_599	5724	5243	2.86495089942641	2.62420292901689	1.09174136944497	1.67248976809608e-06	2.55350769429522e-06	NP
NP_600	5886	5746	2.94603441544791	2.87596224110834	1.024364775496	0.0954382245647032	0.129002126170027	NP
NP_601	13486	8694	6.74995245102456	4.35148202648728	1.55118472509777	2.34881358073044e-242	1.75961966556416e-241	NP
NP_602	8733	5010	4.37100213219616	2.5075828102946	1.74311377245509	4.4386417744131e-232	3.19004823461884e-231	NP
NP_603	2305	2147	1.15368829894792	1.0746068450504	1.07359105728924	0.00898056244011735	0.0124044018704121	NP
NP_604	8204	5608	4.10622941629879	2.80689109783077	1.46291012838802	9.04072445663461e-113	3.60000018903829e-112	NP
NP_605	3479	5490	1.74129353233831	2.74783026517313	0.633697632058288	1	1	NP
NP_606	6532	3676	3.26936744847193	1.8398950919447	1.77693144722524	7.46271097966873e-183	4.20193408027207e-182	NP
NP_607	12802	6818	6.40759982782266	3.41251489033705	1.87767673804635	0	0	NP
NP_608	7402	6579	3.70481596043925	3.29289167842878	1.12509499924001	7.27444372609372e-13	1.26090357918958e-12	NP
Q8VHG7_609	8777	6579	4.39302481556003	3.29289167842878	1.33409332725338	1.33184606208934e-73	4.07388207227328e-73	Q8VHG7
Nkx11_610	4637	3112	2.32089051723275	1.55760433246244	1.49003856041131	3.62185235621096e-69	1.04631290290539e-68	Nkx11
Dobox4_611	5979	4830	2.99258235983063	2.41749001471516	1.23788819875776	1.93376761723957e-29	4.05083074322223e-29	Dobox4
Pax2_612	1823	1672	0.912439813007398	0.836861967826862	1.09031100478469	0.0054051243572856	0.00754838851791543	Pax2
Pax3_613	1702	1388	0.851877433756769	0.694715557023734	1.22622478386167	7.68880083158813e-09	1.23579998820435e-08	Pax3
Pax6_614	5688	1863	2.84693234031052	0.932460434247275	3.05314009661836	0	0	Pax6
Pou1f1_615	8004	4542	4.0061263100994	2.27334154178804	1.76221928665786	2.21148347821739e-219	1.5154661974761e-218	Pou1f1
Pou2f2_616	7939	3723	3.9735928005846	1.86341932190156	2.1324200913242	0	0	Pou2f2
Pou6f2_617	8924	4757	4.46660059861657	2.38095238095238	1.87597225141896	2.40671385375338e-292	2.12753504671799e-291	Pou6f2
Pou5f1_618	20115	8597	10.0678699060032	4.30293201998058	2.33976968710015	0	0	Pou5f1
Pou2f1_619	7830	4051	3.91903660770594	2.02758841606855	1.9328560849173	4.02496169997655e-276	3.35666617243327e-275	Pou2f1
Pou3f1_620	9336	3870	4.67281299738731	1.93699510495811	2.41240310077519	0	0	Pou3f1
Pit1_621	8998	4610	4.50363874791035	2.30737659789583	1.95184381778742	0	0	Pit1
Pit1_622	8802	5504	4.40553770383495	2.75483748260709	1.59920058139535	3.44163046734677e-175	1.83277188743045e-174	Pit1
Pit1_623	15964	6075	7.99022993683494	3.04063185080633	2.62781893004115	0	0	Pit1
Pit1_624	10852	5978	5.43159454237865	2.99208184429963	1.81532285045166	0	0	Pit1
Hsf2_625	3503	3259	1.75330590508223	1.63118011551898	1.07486959189936	0.00143803823943324	0.00205367658103228	Hsf2
Hsf1_626	12324	10866	6.16835340400613	5.43860175981261	1.13418001104362	3.06882521810969e-23	6.13765043621938e-23	Hsf1
Hsf4_627	7006	6504	3.50661181016447	3.25535301360401	1.07718327183272	5.78457750082348e-06	8.75610703891773e-06	Hsf4
Hsfy2_628	1226	1122	0.613632041002232	0.561578425778552	1.09269162210339	0.0164964143339107	0.0227146888959144	Hsfy2
Irf9_629	2610	2240	1.30634553590198	1.12115478943312	1.16517857142857	4.8185110335771e-08	7.67488964627416e-08	Irf9
Irf3_630	7944	7844	3.97609537823959	3.92604382513989	1.01274859765426	0.210715287954666	0.279688159987875	Irf3
Irf1_631	31919	25324	15.9759552338909	12.6750553069662	1.26042489338177	1.7260621678803e-195	1.05230272855599e-194	Irf1
Irf4_632	2684	2600	1.34338368519575	1.30134038059201	1.03230769230769	0.125185579191979	0.168695201228216	Irf4
Irf7_633	13481	13016	6.74744987336957	6.514710151456	1.03572526121696	0.00158867335237779	0.00226514071532575	Irf7
Irf6_634	1732	1020	0.866892899686677	0.510525841616865	1.69803921568627	6.98506129414127e-43	1.62494583790023e-42	Irf6
Irf5_635	2075	1680	1.03856972681862	0.840866092074837	1.23511904761905	5.03532682691195e-11	8.44635467740069e-11	Irf5
Irf2_636	6525	6108	3.26586383975495	3.05714886332923	1.06827111984283	8.44769846025426e-05	0.000123843539616331	Irf2
Naif1_637	1010	400	0.505520686306896	0.200206212398771	2.525	1.39747235167184e-61	3.7549105133067e-61	Naif1
Mef2c_638	13926	10335	6.9701792846632	5.17282801285324	1.34746008708273	9.73026442498228e-126	4.0765657590921e-125	Mef2c
Srf_639	2298	2082	1.15018469023094	1.0420733355356	1.10374639769452	0.000543124069172201	0.000781957128905905	Srf
Mef2a_640	10552	8440	5.28143988307957	4.22435108161406	1.25023696682464	6.36127387889402e-56	1.63469945027393e-55	Mef2a
Mbd2_641	8038	1488	4.0231438381533	0.744767110123427	5.40188172043011	0	0	Mbd2
Mecp2_642	6848	4972	3.42753035626696	2.48856322011672	1.37731295253419	3.37124288157001e-69	9.80321943193385e-69	Mecp2
Mybl2_643	854	626	0.427440263471376	0.313322722404076	1.36421725239617	1.5820091864069e-09	2.59943516874294e-09	Mybl2
Myb_644	1034	819	0.517533059050822	0.409922219886483	1.26251526251526	3.04638553975345e-07	4.71629565173738e-07	Myb
Cdc5l_645	5790	3918	2.89798492447221	1.96101985044596	1.47779479326187	3.73444033007117e-83	1.23180792976974e-82	Cdc5l
Smarcc2_646	11216	8499	5.61378219566153	4.25388149794288	1.31968466878456	3.7822218672408e-88	1.29092051376095e-87	Smarcc2
Mybl1_647	1094	665	0.547563990910638	0.332842828112956	1.64511278195489	4.41194130170725e-25	8.9248423586023e-25	Mybl1
Terf2_648	5324	4282	2.66474468702764	2.14320750372884	1.24334423166745	2.61322753144945e-27	5.33508807806308e-27	Terf2
Mypop_649	1664	571	0.832857843578886	0.285794368199245	2.91418563922942	4.08051961307337e-124	1.69351142627082e-123	Mypop
Prdm11_650	1661	794	0.831356296985896	0.39740933161156	2.0919395465995	1.45270777287882e-70	4.29496211111998e-70	Prdm11
Gm239_651	8316	810	4.16228715577044	0.405417580107511	10.2666666666667	0	0	Gm239
Gm98_652	4783	2604	2.3939657847583	1.303342442716	1.83678955453149	1.0646459805671e-146	5.03287190813538e-146	Gm98
Pparg_653	7434	6510	3.72083245743115	3.25835610678999	1.14193548387097	8.6547218632506e-16	1.59391127648199e-15	Pparg
Rarg_654	7690	8932	3.84896443336637	4.47060472286455	0.860949395432154	1	1	Rarg
Nr1h3_655	8818	9245	4.4135459523309	4.62726608406659	0.953812871822607	0.999441367312052	1	Nr1h3
Ppard_656	12989	12271	6.50119623211908	6.14182608086329	1.0585119387173	1.57096352533744e-06	2.4026500975749e-06	Ppard
Nr2f6_657	9122	9811	4.56570267375397	4.91055787461085	0.929772704107634	0.999999861421273	1	Nr2f6
Nr1i3_658	10225	8276	5.11777130444358	4.14226653453057	1.23550024166264	4.4571198762368e-49	1.08244339851465e-48	Nr1i3
Nr2c2_659	7080	5353	3.54364995945824	2.67925963742655	1.32262282832057	3.40795711187831e-56	8.80887159912406e-56	Nr2c2
Nr2c1_660	8436	9398	4.22234901949007	4.70384496030912	0.897637795275591	0.999999999999921	1	Nr2c1
Rxrg_661	4159	7425	2.08164409341622	3.71632781765218	0.56013468013468	1	1	Rxrg
Rxra_662	6610	9438	3.30840765988969	4.723865581549	0.700360245814791	1	1	Rxra
Rarb_663	8767	9781	4.38801966025006	4.89554240868094	0.8963296186484	0.999999999999989	1	Rarb
Hnf4g_664	15203	15033	7.60933761774628	7.5242499774768	1.01130845473292	0.15603083598536	0.209941033502371	Hnf4g
Hnf4a_665	6647	7221	3.32692673453657	3.61422264932881	0.92050962470572	0.999999665873917	1	Hnf4a
Esr1_666	5144	6835	2.57465189144819	3.42102365436399	0.752596927578639	1	1	Esr1
Nr2e1_667	8927	7186	4.46810214520957	3.59670460574392	1.2422766490398	7.19795622050508e-45	1.68333156056256e-44	Nr2e1
Esr2_668	10533	11992	5.27193008799063	6.00218224771515	0.878335557038025	1	1	Esr2
Esrrb_669	11172	10880	5.59175951229767	5.44560897724656	1.02683823529412	0.0218975625482561	0.0301048915904486	Esrrb
Ppara_670	10369	8732	5.18984554090713	4.37050161666517	1.18747136967476	3.32588528834676e-34	7.38714219823752e-34	Ppara
Vdr_671	5927	5368	2.96655555221879	2.6867673703915	1.10413561847988	4.98644794567296e-08	7.92809349635773e-08	Vdr
Nr1i2_672	9990	7725	5.0001501546593	3.86648247695126	1.29320388349515	2.76854435706258e-68	7.89481681175264e-68	Nr1i2
Nr3c1_673	11405	10910	5.70837963101995	5.46062444317647	1.04537121906508	0.00033267632517571	0.000481318938552092	Nr3c1
Esrra_674	9107	9564	4.55819494078901	4.78693053845461	0.952216645754914	0.99970168494246	1	Esrra
Nr5a2_675	8418	11306	4.21333973993213	5.65882859345125	0.744560410401557	1	1	Nr5a2
Esrrg_676	8418	10990	4.21333973993213	5.50066568565623	0.765969062784349	1	1	Esrrg
Nr4a2_677	9185	8140	4.59723515220677	4.07419642231498	1.12837837837838	2.49541827946101e-16	4.6637415624599e-16	Nr4a2
Rorc_678	7845	6815	3.92654434067089	3.41101334374406	1.15113719735877	2.31113681963211e-18	4.41262407895203e-18	Rorc
Nr4a3_679	13294	11449	6.65385346907315	5.73040231438382	1.16114944536641	4.74092432969011e-34	1.05037020236743e-33	Nr4a3
Nr2f2_680	5782	10576	2.89398080022423	5.2934522558235	0.546709531013616	1	1	Nr2f2
Nr3c2_681	4668	5708	2.33640649869365	2.85694265093046	0.817799579537491	1	1	Nr3c2
Rora_682	6695	5508	3.35095148002442	2.75683954473107	1.21550472040668	5.03446115107022e-28	1.03259017576475e-27	Rora
Nr2e3_683	7844	8184	3.92604382513989	4.09621910567885	0.958455522971652	0.997013622346825	1	Nr2e3
Rorb_684	4055	5475	2.02959047819254	2.74032253220817	0.740639269406393	1	1	Rorb
Rara_685	11044	11439	5.52769352433006	5.72539715907385	0.965469009528805	0.996722491247403	1	Rara
Rxrb_686	5782	7184	2.89398080022423	3.59570357468192	0.804844097995546	1	1	Rxrb
Ar_687	9444	8476	4.72686867473498	4.24236964072995	1.11420481359132	7.17851625255327e-14	1.25908896175736e-13	Ar
Nr1h2_688	8818	9245	4.4135459523309	4.62726608406659	0.953812871822607	0.999441367312052	1	Nr1h2
Nr6a1_689	10925	9672	5.46813217614143	4.84098621580228	1.12954921422663	1.61989550817967e-19	3.13345214273704e-19	Nr6a1
Nr2f1_690	5782	7877	2.89398080022423	3.94256083766279	0.734035800431636	1	1	Nr2f1
Trp73_691	3935	4143	1.96952861447291	2.07363584492027	0.949794834660874	0.990597008797308	1	Trp73
Trp53_692	7782	7774	3.89501186221808	3.89100773797011	1.00102907126319	0.477173342179162	0.625847528911541	Trp53
Pax9_693	2756	3159	1.37942080342753	1.58112856241929	0.872427983539095	0.999999940241437	1	Pax9
Pax5_694	7373	6683	3.69030101004034	3.34494529365246	1.10324704474039	1.63332345277261e-09	2.66886863632346e-09	Pax5
Lcor_695	5927	4567	2.96655555221879	2.28585443006296	1.29778848259251	1.30361375111093e-41	3.00102748953662e-41	Lcor
Nfat5_696	11420	8971	5.7158873639849	4.49012482857343	1.27299074796567	8.92883969976588e-70	2.63103143153101e-69	Nfat5
Rel_697	7502	6869	3.75486751353895	3.43804118241789	1.09215315184161	3.93198294429439e-08	6.27413884974051e-08	Rel
Rela_698	11676	10154	5.84401933992012	5.0822347017428	1.14989166830806	1.62771104396474e-26	3.30780819049386e-26	Rela
Nfkb2_699	3919	3585	1.96152036597696	1.79434817862398	1.0931659693166	5.19448301612983e-05	7.65320497709795e-05	Nfkb2
Nfatc2_700	10260	8594	5.13528934802847	4.30143047338759	1.19385617872935	8.96682566796689e-36	2.02211068634764e-35	Nfatc2
Nfkb1_701	9532	8978	4.77091404146271	4.49362843729041	1.0617063934061	1.57417536705259e-05	2.34666277314416e-05	Nfkb1
Nfatc3_702	8928	7869	4.46860266074056	3.93855671341482	1.13457872664888	3.61635315275723e-17	6.80182167454764e-17	Nfatc3
Nfatc1_703	7742	7510	3.87499124097821	3.75887163778692	1.03089214380826	0.0282448399993583	0.0387708673283117	Nfatc1
Rfx5_704	13713	13274	6.86356947656086	6.64384315845321	1.03307217116167	0.0028799812480625	0.0040734454772596	Rfx5
Rfx6_705	9490	10227	4.74989238916084	5.11877233550557	0.927935856067273	0.999999964969883	1	Rfx6
Rfx4_706	10384	9568	5.19735327387209	4.7889326005786	1.08528428093645	1.60691108876247e-09	2.63057296752968e-09	Rfx4
Rfx2_707	6193	5631	3.09969268346397	2.8184029550437	1.09980465281478	8.10895296495771e-08	1.27097773422387e-07	Rfx2
Rfx1_708	12961	10457	6.48718179725117	5.23389090763486	1.23945682318064	3.56125224872364e-64	9.868799335021e-64	Rfx1
Rfx7_709	9396	8985	4.70284392924713	4.49713204600739	1.0457429048414	0.000979820497703299	0.0014038270988164	Rfx7
Rfx3_710	7329	6516	3.66827832667648	3.26135919997598	1.12476979742173	1.06559367500709e-12	1.83622769728317e-12	Rfx3
Rfx8_711	6193	5631	3.09969268346397	2.8184029550437	1.09980465281478	8.10895296495771e-08	1.27097773422387e-07	Rfx8
Runx1_712	17246	15327	8.631890847573	7.6714015435899	1.12520388856267	6.8814605935445e-29	1.43134380345726e-28	Runx1
Runx2_713	16909	17371	8.46321711362704	8.69445528894762	0.973403949110587	0.99554418323796	1	Runx2
Sp100_714	1821	764	0.911438781945404	0.382393865681652	2.38350785340314	1.58461329417847e-99	5.71754347777048e-99	Sp100
Gmeb1_715	1257	610	0.629148022463137	0.305314473908125	2.06065573770492	4.36719805728825e-52	1.08140142370947e-51	Gmeb1
Gmeb2_716	1132	309	0.566583581088521	0.15465929907805	3.66343042071197	4.74481329461613e-111	1.85593581966401e-110	Gmeb2
Sp140_717	1201	537	0.601119152727309	0.26877684014535	2.2364990689013	6.6160439351017e-59	1.74064965435414e-58	Sp140
Sp110_718	11715	10811	5.863539445629	5.41107340560778	1.08361853667561	2.92542981616547e-10	4.85193237803054e-10	Sp110
AC1689771_719	11715	10811	5.863539445629	5.41107340560778	1.08361853667561	2.92542981616547e-10	4.85193237803054e-10	AC1689771
IRC900814_720	1201	537	0.601119152727309	0.26877684014535	2.2364990689013	6.6160439351017e-59	1.74064965435414e-58	IRC900814
IRC900814_721	1770	315	0.885912489864561	0.157662392264032	5.61904761904762	1.33118652870057e-246	1.01445594083733e-245	IRC900814
Nfix_722	6707	8814	3.35695766639639	4.41154389020691	0.760948491036987	1	1	Nfix
Smad3_723	10473	9922	5.24189915613082	4.96611509855151	1.05553315863737	3.84809624455009e-05	5.68849010063926e-05	Smad3
Nfic_724	30092	29557	15.0615133587595	14.7937375496762	1.01810061914267	0.00888104159551449	0.0122861357909778	Nfic
Sox9_725	9435	9630	4.722364034956	4.81996456350041	0.979750778816199	0.927115443172231	1	Sox9
Tcf7_726	10263	7894	5.13679089462146	3.95106960168974	1.30010134279199	7.93145051982098e-73	2.3848307005176e-72	Tcf7
Hbp1_727	7015	6682	3.51111644994344	3.34444477812147	1.04983537862915	0.00194588186382342	0.00276552985147894	Hbp1
Cic_728	9785	10535	4.89754447080493	5.27293111905262	0.928808732795444	0.999999968177758	1	Cic
Hmg20b_729	9037	4903	4.52315885361923	2.45402764847793	1.84315725066286	2.0041560849904e-282	1.70353267224184e-281	Hmg20b
Bbx_730	14663	2174	7.33905923100794	1.08812076438732	6.74471021159154	0	0	Bbx
Sox8_731	10736	11578	5.37353474078301	5.79496881788242	0.927275868025566	0.999999996848249	1	Sox8
Tcf7l2_732	11354	9945	5.68285333893911	4.97762695576444	1.14167923579688	1.72173905794809e-23	3.45128645629504e-23	Tcf7l2
Sox17_733	6789	5524	3.39799993993814	2.76484779322702	1.22900072411296	2.5852019183609e-31	5.48038008592574e-31	Sox17
Lef1_734	11437	9717	5.72439612801185	4.86350941469714	1.17700936503036	2.82946775437768e-34	6.30037656138506e-34	Lef1
Sox10_735	9383	7172	4.69633722734416	3.58969738830996	1.30828220858896	2.1454278176147e-69	6.25926795634125e-69	Sox10
Sox30_736	9774	8959	4.89203879996396	4.48411864220147	1.09096997432749	5.55073344008135e-10	9.188854608674e-10	Sox30
Sox15_737	8376	7918	4.19231808763026	3.96308197443367	1.05784288961859	0.000128252038573371	0.000186778916143096	Sox15
Sox5_738	10736	9740	5.37353474078301	4.87502127191007	1.10225872689938	4.66413316463669e-13	8.11632621562762e-13	Sox5
Sox3_739	9982	7180	4.99614603041132	3.59370151255794	1.39025069637883	1.2340079894235e-106	4.60279773270198e-106	Sox3
Sox18_740	10736	8262	5.37353474078301	4.13525931709661	1.29944323408376	5.54924511873957e-76	1.72730024118513e-75	Sox18
Sox12_741	10548	14058	5.27943782095558	7.0362473347548	0.750320102432778	1	1	Sox12
Sox6_742	8758	7441	4.38351502047109	3.72433606614813	1.17699233973928	2.24699626613578e-26	4.55583646620191e-26	Sox6
Sox14_743	7967	5343	3.98760723545252	2.67425448211658	1.49110986337264	2.4196395238456e-119	9.85696469621893e-119	Sox14
Tcf7l1_744	6203	5747	3.10469783877394	2.87646275663934	1.0793457456064	1.18740306814346e-05	1.77308160851152e-05	Tcf7l1
Sox21_745	9648	8877	4.82897384305835	4.44307636865972	1.08685366677932	3.43678858895952e-09	5.5440166289055e-09	Sox21
Sox7_746	10736	8262	5.37353474078301	4.13525931709661	1.29944323408376	5.54924511873957e-76	1.72730024118513e-75	Sox7
Sox11_747	9673	9245	4.84148673133327	4.62726608406659	1.04629529475392	0.000734314710567903	0.00105378929243835	Sox11
Sry_748	9015	10410	4.5121475119373	5.21036667767801	0.865994236311239	1	1	Sry
Sox13_749	7463	8819	3.73534740783006	4.4140464678619	0.846241070416147	1	1	Sox13
Sox2_750	21083	12748	10.5523689400082	6.38057198914882	1.65382805145905	0	0	Sox2
Sox4_751	16873	20992	8.44519855451115	10.5068220266875	0.803782393292683	1	1	Sox4
ENSMUSG00000079994_752	6223	6518	3.11470814939388	3.26236023103797	0.95474071801166	0.996153785404072	1	ENSMUSG00000079994
Stat6_753	12163	9938	6.08777040351562	4.97412334704746	1.2238881062588	7.70742409401792e-54	1.941129031086e-53	Stat6
Stat3_754	15776	12325	7.89613301700752	6.16885391953712	1.28	1.27492744698508e-101	4.63800766722143e-101	Stat3
Stat5a_755	9359	6585	4.68432485460024	3.29589477161476	1.42126044039484	4.32661152255245e-112	1.71512313270689e-111	Stat5a
Stat5b_756	9858	6689	4.9340821045677	3.34794838683844	1.47376289430408	9.7139111853988e-141	4.40363973738079e-140	Stat5b
Stat1_757	13591	10948	6.80250658177923	5.47964403335436	1.2414139568871	2.68822827571877e-68	7.69059480820514e-68	Stat1
Stat2_758	19983	15600	10.0018018559116	7.80804228355206	1.28096153846154	1.90494364323533e-131	8.29541960896567e-131	Stat2
Stat4_759	16815	12761	8.41616865371333	6.38707869105178	1.31768670166915	3.84199202134694e-133	1.68971191386602e-132	Stat4
Tbx2_760	9476	5469	4.74288517172688	2.73731943902219	1.73267507771073	9.26779025438845e-248	7.12411007380816e-247	Tbx2
Tbx4_761	7257	5940	3.6322412084447	2.97306225412175	1.22171717171717	1.03348442608565e-31	2.20676384700415e-31	Tbx4
Tbx21_762	3330	3409	1.66671671821977	1.70625744516852	0.976826048694632	0.837158380588435	1	Tbx21
Tbx1_763	8857	6401	4.43306605803978	3.20379991391133	1.38369004842993	5.48306284424687e-92	1.90827856469064e-91	Tbx1
Tbx5_764	7257	5940	3.6322412084447	2.97306225412175	1.22171717171717	1.03348442608565e-31	2.20676384700415e-31	Tbx5
Tbx3_765	8777	5397	4.39302481556003	2.70128232079041	1.62627385584584	1.23419065910185e-185	7.22532809699363e-185	Tbx3
Tbx19_766	3473	2934	1.73829043915233	1.46851256794498	1.18370824812543	6.02090743401305e-12	1.02552642999375e-11	Tbx19
Tbx20_767	8057	5750	4.03265363324224	2.87796430323233	1.40121739130435	1.90881682322474e-89	6.56573568766798e-89	Tbx20
Eomes_768	8455	6007	4.23185881457902	3.00659679469854	1.4075245546862	3.6826947463741e-96	1.30743058465651e-95	Eomes
Tbr1_769	5801	5058	2.90349059531317	2.53160755578246	1.14689600632661	2.56276147135017e-13	4.46840461671312e-13	Tbr1
Tbx10_770	8857	6401	4.43306605803978	3.20379991391133	1.38369004842993	5.48306284424687e-92	1.90827856469064e-91	Tbx10
T_771	6155	4951	3.08067309328608	2.47805239396578	1.24318319531408	2.36270818759338e-31	5.02075489863594e-31	T
Tbp_772	6396	9894	3.20129733625634	4.95210066368359	0.646452395391146	1	1	Tbp
Tbpl2_773	6396	9894	3.20129733625634	4.95210066368359	0.646452395391146	1	1	Tbpl2
Prkrir_774	4594	3759	2.29936834939988	1.88143788101745	1.22213354615589	1.35835324470457e-20	2.66249283440984e-20	Prkrir
Spz1_775	8352	7536	4.18030571488633	3.77188504159284	1.10828025477707	2.06026036875531e-11	3.47570642362536e-11	Spz1
Hmga1_776	1982	4322	0.992021782435909	2.16322812496872	0.458583988894031	1	1	Hmga1
Hmga1rs1_777	1982	4322	0.992021782435909	2.16322812496872	0.458583988894031	1	1	Hmga1rs1
Myf5_778	16381	13648	8.19894491326066	6.83103596704606	1.20024912075029	8.94289055708065e-61	2.38117929290943e-60	Myf5
Mlxipl_779	3198	1918	1.60064866812817	0.959988788452106	1.66736183524505	1.85825248325625e-73	5.64500067078532e-73	Mlxipl
Ascl1_780	13590	13549	6.80200606624824	6.78148492947736	1.00302605358329	0.400714495549488	0.528703901590668	Ascl1
Tal2_781	5087	4911	2.54612250618137	2.45803177272591	1.03583791488495	0.038154130146765	0.0521302180057809	Tal2
Tal1_782	9577	11661	4.79343724035757	5.83651160695516	0.821284623960209	1	1	Tal1
Lyl1_783	9577	11661	4.79343724035757	5.83651160695516	0.821284623960209	1	1	Lyl1
Neurod1_784	2675	2956	1.33887904541678	1.47952390962692	0.904939106901218	0.999923295272211	1	Neurod1
Twist1_785	4119	4797	2.06162347217634	2.40097300219226	0.858661663539712	0.999999999999828	1	Twist1
Neurod6_786	2675	2956	1.33887904541678	1.47952390962692	0.904939106901218	0.999923295272211	1	Neurod6
Neurod4_787	2675	2956	1.33887904541678	1.47952390962692	0.904939106901218	0.999923295272211	1	Neurod4
Ddit3_788	4787	4230	2.39596784688229	2.117180696117	1.13167848699764	1.56896444681529e-09	2.58280180816521e-09	Ddit3
Batf3_789	9212	7424	4.61074907154369	3.71582730212118	1.24084051724138	7.48302672376831e-46	1.78301768835881e-45	Batf3
Batf_790	9212	7424	4.61074907154369	3.71582730212118	1.24084051724138	7.48302672376831e-46	1.78301768835881e-45	Batf
Atf5_791	4394	3709	2.1992652432005	1.8564121044676	1.1846858991642	7.8784065842085e-15	1.40697200412936e-14	Atf5
Mafa_792	8400	7416	4.20433046037419	3.71182317787321	1.13268608414239	7.42172598183548e-16	1.36968805176254e-15	Mafa
Maf_793	8400	7416	4.20433046037419	3.71182317787321	1.13268608414239	7.42172598183548e-16	1.36968805176254e-15	Maf
Klf6_794	21734	16791	10.8782045506872	8.4041562809694	1.29438389613483	2.78785344039526e-155	1.3393817615812e-154	Klf6
Bcl11a_795	25340	19784	12.6830635554621	9.9021992652432	1.2808329963607	2.39235308287503e-170	1.23674861126405e-169	Bcl11a
Ikzf4_796	7406	6528	3.70681802256324	3.26736538634794	1.13449754901961	1.94031458746475e-14	3.43047619063768e-14	Ikzf4
Hivep2_797	11541	9876	5.77644974323553	4.94309138412565	1.16859052247874	6.88578942189224e-32	1.48464337779335e-31	Hivep2
Klf11_798	18124	8385	9.0713434837883	4.19682272740923	2.16147883124627	0	0	Klf11
Snai2_799	21839	10197	10.9307586814419	5.10375686957566	2.14170834559184	0	0	Snai2
Zfp148_800	45118	34190	22.5822597275193	17.1126260047849	1.31962562152676	0	0	Zfp148
Gli1_801	8565	10187	4.28691552298868	5.09875171426569	0.840777461470502	1	1	Gli1
Sp3_802	23556	8987	11.7901438481636	4.49813307706938	2.62111939468121	0	0	Sp3
Hivep3_803	11541	9876	5.77644974323553	4.94309138412565	1.16859052247874	6.88578942189224e-32	1.48464337779335e-31	Hivep3
Klf3_804	21734	16791	10.8782045506872	8.4041562809694	1.29438389613483	2.78785344039526e-155	1.3393817615812e-154	Klf3
Rest_805	14132	11536	7.07328548404857	5.77394716558055	1.2250346740638	2.50374189940566e-63	6.89503999711714e-63	Rest
Klf15_806	31750	23016	15.8913681091524	11.5198654614253	1.37947514772332	0	0	Klf15
Maz_807	47826	41252	23.937655785459	20.6472666846852	1.15936197032871	3.72065520931832e-138	1.67809143114153e-137	Maz
Zbtb7a_808	4108	2493	2.05611780133538	1.24778521877534	1.64781387886081	1.94769986893626e-90	6.72565110992051e-90	Zbtb7a
Ovol2_809	1133	791	0.567084096619518	0.395907785018569	1.43236409608091	2.78966440659035e-15	5.09517218063196e-15	Ovol2
Klf10_810	12072	6146	6.0422234901949	3.07616845350711	1.96420436055971	0	0	Klf10
Zfp384_811	8188	5892	4.09822116780284	2.94903750863389	1.38968092328581	5.55973175227198e-87	1.89030879577247e-86	Zfp384
Zbtb7c_812	4108	2493	2.05611780133538	1.24778521877534	1.64781387886081	1.94769986893626e-90	6.72565110992051e-90	Zbtb7c
Mbtps2_813	14646	7899	7.33055046698099	3.95357217934472	1.85415875427269	0	0	Mbtps2
Bcl11b_814	25340	19784	12.6830635554621	9.9021992652432	1.2808329963607	2.39235308287503e-170	1.23674861126405e-169	Bcl11b
Gli2_815	8565	10187	4.28691552298868	5.09875171426569	0.840777461470502	1	1	Gli2
Zfp219_816	20313	16399	10.1669719811406	8.2079541928186	1.23867308982255	2.33235885296551e-102	8.519856305874e-102	Zfp219
Klf13_817	18124	8385	9.0713434837883	4.19682272740923	2.16147883124627	0	0	Klf13
Glis3_818	13306	9968	6.65985965544511	4.98913881297737	1.33487158908507	3.6915237483456e-113	1.47660949933824e-112	Glis3
Klf2_819	21734	16791	10.8782045506872	8.4041562809694	1.29438389613483	2.78785344039526e-155	1.3393817615812e-154	Klf2
Ctcfl_820	25951	8433	12.9888785449012	4.22084747289708	3.07731530890549	0	0	Ctcfl
Ybx2_821	9540	4760	4.77491816571068	2.38245392754537	2.00420168067227	0	0	Ybx2
Ybx1_822	9540	4760	4.77491816571068	2.38245392754537	2.00420168067227	0	0	Ybx1
Csda_823	9540	4760	4.77491816571068	2.38245392754537	2.00420168067227	0	0	Csda
Rbpj_824	7710	7595	3.85897474398631	3.80141545792166	1.01514154048716	0.173697204206564	0.232648982603944	Rbpj
Rbpsuhrs3_825	7710	7595	3.85897474398631	3.80141545792166	1.01514154048716	0.173697204206564	0.232648982603944	Rbpsuhrs3
Onecut1_826	6670	4922	3.3384385917495	2.46353744356687	1.35514018691589	1.92497271046334e-61	5.14101473126764e-61	Onecut1
Onecut2_827	6670	4922	3.3384385917495	2.46353744356687	1.35514018691589	1.92497271046334e-61	5.14101473126764e-61	Onecut2
Ets2_828	5189	3183	2.59717509034305	1.59314093516322	1.63022306000628	5.42503037988815e-110	2.06712364475049e-109	Ets2
Foxn3_829	10823	9186	5.41707959197974	4.59773566773777	1.17820596559983	8.19094179928215e-33	1.80119217675757e-32	Foxn3
Foxn2_830	12249	9857	6.13081473918136	4.93358158903671	1.24267018362585	6.6843375523436e-62	1.80701969304946e-61	Foxn2
Foxa3_831	9955	12491	4.98263211107441	6.25193949768261	0.796973821151229	1	1	Foxa3
Foxl2_832	12249	9857	6.13081473918136	4.93358158903671	1.24267018362585	6.6843375523436e-62	1.80701969304946e-61	Foxl2
Foxd4_833	10452	10909	5.23138832997988	5.46012392764548	0.958107984233202	0.999361414005873	1	Foxd4
ENSMUSG00000090020_834	12249	9857	6.13081473918136	4.93358158903671	1.24267018362585	6.6843375523436e-62	1.80701969304946e-61	ENSMUSG00000090020
Gcm2_835	1638	1441	0.819844439772966	0.721242880166572	1.13671061762665	0.000194798995044093	0.000283227486215424	Gcm2
Ubp1_836	14270	9484	7.14235662732615	4.74688929597485	1.50463939266132	1.32144450449833e-226	9.27108684108351e-226	Ubp1
Six5_837	3203	3331	1.60315124578316	1.66721723375076	0.96157310117082	0.946205084475378	1	Six5
Nkx62_838	7627	2842	3.81743195491356	1.42246513909327	2.68367346938776	0	0	Nkx62
Prrxl1_839	5999	3172	3.00259267045056	1.58763526432225	1.89123581336696	2.98742345400672e-199	1.85977629108587e-198	Prrxl1
Pou4f2_840	8879	5934	4.44407739972171	2.97005916093576	1.49629255139872	2.59148911542816e-135	1.14543818901925e-134	Pou4f2
Pou4f1_841	8879	5934	4.44407739972171	2.97005916093576	1.49629255139872	2.59148911542816e-135	1.14543818901925e-134	Pou4f1
Mef2d_842	9631	6631	4.8204650790314	3.31891848604062	1.45242044940431	2.17404598636967e-128	9.3749104973209e-128	Mef2d
Smarcc1_843	13018	13332	6.51571118251799	6.67287305925103	0.976447644764476	0.977671834078725	1	Smarcc1
Nr1d1_844	5583	5807	2.79437820955584	2.90649368849915	0.96142586533494	0.983782198959377	1	Nr1d1
Nr1d2_845	5583	5807	2.79437820955584	2.90649368849915	0.96142586533494	0.983782198959377	1	Nr1d2
Thrb_846	4059	3981	2.03159254031653	1.99255232889877	1.01959306706858	0.192830850005044	0.257107800006725	Thrb
Nr4a1_847	13381	11012	6.69739832026988	5.51167702733816	1.21512895023611	1.45614179466233e-55	3.73109955501883e-55	Nr4a1
Nr5a1_848	8418	11306	4.21333973993213	5.65882859345125	0.744560410401557	1	1	Nr5a1
Pgr_849	4206	4312	2.10516832337307	2.15822296965875	0.975417439703154	0.879384046988172	1	Pgr
Nr1h4_850	6672	8112	3.3394396228115	4.06018198744707	0.822485207100592	1	1	Nr1h4
Nr1h5_851	6672	8112	3.3394396228115	4.06018198744707	0.822485207100592	1	1	Nr1h5
Thra_852	4059	3981	2.03159254031653	1.99255232889877	1.01959306706858	0.192830850005044	0.257107800006725	Thra
Trp63_853	10027	10025	5.01866922930618	5.01766819824419	1.00019950124688	0.497109283379101	0.650065985957286	Trp63
Pax8_854	5650	5483	2.82791275013264	2.74432665645615	1.03045777858836	0.0552814442548657	0.0750672760695872	Pax8
Pax1_855	5650	5483	2.82791275013264	2.74432665645615	1.03045777858836	0.0552814442548657	0.0750672760695872	Pax1
Relb_856	9000	8348	4.50463977897234	4.17830365276235	1.07810253953043	2.16245825856301e-07	3.37145167648977e-07	Relb
Nfatc4_857	8928	7869	4.46860266074056	3.93855671341482	1.13457872664888	3.61635315275723e-17	6.80182167454764e-17	Nfatc4
Runx3_858	17246	15327	8.631890847573	7.6714015435899	1.12520388856267	6.8814605935445e-29	1.43134380345726e-28	Runx3
Nfib_859	4648	5963	2.32639618807372	2.98457411133467	0.779473419419755	1	1	Nfib
Smad4_860	3795	1483	1.89945644013334	0.742264532468442	2.5590020229265	6.3672153054124e-233	4.61362158195456e-232	Smad4
Smad2_861	10473	9922	5.24189915613082	4.96611509855151	1.05553315863737	3.84809624455009e-05	5.68849010063926e-05	Smad2
Nfia_862	4648	5963	2.32639618807372	2.98457411133467	0.779473419419755	1	1	Nfia
Smad1_863	8510	1430	4.25938716878385	0.715737209325605	5.95104895104895	0	0	Smad1
Tbx15_864	5987	4773	2.9965864840786	2.38896062944833	1.25434737062644	8.81899192710796e-33	1.92493552186751e-32	Tbx15
Tbx22_865	5987	4773	2.9965864840786	2.38896062944833	1.25434737062644	8.81899192710796e-33	1.92493552186751e-32	Tbx22
Tbx18_866	5987	4773	2.9965864840786	2.38896062944833	1.25434737062644	8.81899192710796e-33	1.92493552186751e-32	Tbx18
Tead3_867	7773	8317	3.89050722243911	4.16278767130144	0.934591799927859	0.999994230592155	1	Tead3
Tead4_868	10065	11676	5.03768881948407	5.84401933992012	0.8620246659815	1	1	Tead4
Hif3a_869	17184	17483	8.60085888465119	8.75051302841927	0.982897672024252	0.954107315897075	1	Hif3a
Creb3_870	4350	4227	2.17724255983663	2.11567914952401	1.0290986515259	0.0914791015489482	0.123840008835023	Creb3
Nfe2l3_871	5327	5797	2.66624623362063	2.90148853318918	0.91892358116267	0.999997048351428	1	Nfe2l3
Wt1_872	30074	21967	15.0525040792016	10.9948246694095	1.36905358037056	4.64994823239948e-319	4.32689846920972e-318	Wt1
E4f1_873	2115	1045	1.0585903480585	0.523038729891789	2.02392344497608	3.93007058398809e-83	1.29151761942211e-82	E4f1
Klf16_874	18124	8385	9.0713434837883	4.19682272740923	2.16147883124627	0	0	Klf16
Zfp42_875	14646	7899	7.33055046698099	3.95357217934472	1.85415875427269	0	0	Zfp42
Zfp263_876	45475	38054	22.7609437720852	19.0466180165571	1.19501235086982	9.84658296747316e-184	5.65219437873135e-183	Zfp263
Zfp263_877	7672	8468	3.83995515380842	4.23836551648198	0.905999055266887	0.999999999924983	1	Zfp263
Zfp263_878	59158	48430	29.6094977827162	24.2399671661812	1.22151558951063	0	0	Zfp263
Dmrta2_879	5725	4569	2.86545141495741	2.28685546112496	1.25300941124973	3.90522905641853e-31	8.2391944770262e-31	Dmrta2
Foxm1_880	14227	9473	7.12083445949328	4.74138362513389	1.50184735564235	4.46720984610167e-224	3.10945945193218e-223	Foxm1
Mixl1_881	6512	3580	3.25935713785199	1.791845600969	1.81899441340782	6.3756274233265e-195	3.86031139878125e-194	Mixl1
Mef2b_882	9631	6631	4.8204650790314	3.31891848604062	1.45242044940431	2.17404598636967e-128	9.3749104973209e-128	Mef2b
Smad5_883	8510	1430	4.25938716878385	0.715737209325605	5.95104895104895	0	0	Smad5
Smad9_884	10473	9922	5.24189915613082	4.96611509855151	1.05553315863737	3.84809624455009e-05	5.68849010063926e-05	Smad9
