motif	observed	background	percent.observed	percent.background	fold.enrichment	pvalue	p.adjust	motif_name
Tcfap2a_1	9720	3235	12.0179527442229	3.99980217361738	3.00463678516229	0	0	Tcfap2a
Tcfap2b_2	8724	3382	10.7864835124074	4.18155516265038	2.57953873447664	0	0	Tcfap2b
Tcfap2c_3	10075	3311	12.4568800306631	4.09376970536233	3.04288734521293	0	0	Tcfap2c
Tcfap2e_4	8098	3192	10.0124877904029	3.946636333288	2.53696741854637	0	0	Tcfap2e
Tcfap2d_5	10567	3043	13.0651961572225	3.76241051447224	3.47255997371015	0	0	Tcfap2d
Arid3b_6	5538	2143	6.84726566846771	2.64963711222938	2.58422771815212	0	0	Arid3b
Arid3a_7	8938	3155	11.0510762991629	3.9008889823069	2.83296354992076	0	0	Arid3a
Arid5b_8	1315	741	1.62588558216595	0.916183434513285	1.77462887989204	8.07407762579685e-38	8.10157164722408e-38	Arid5b
Arid5a_9	4430	1691	5.47731796881762	2.09077758132519	2.61975162625665	9.40009141316257e-289	1.2963620607232e-288	Arid5a
Arid3c_10	8758	3214	10.8285216187144	3.97383746089838	2.72495332918482	0	0	Arid3c
Arid2_11	4465	1659	5.52059249001595	2.051212304801	2.6913803496082	2.46674616618525e-303	3.45579019161293e-303	Arid2
Setbp1_12	622	226	0.769050062438952	0.279429765452095	2.75221238938053	5.17938825140968e-44	5.20885007309006e-44	Setbp1
Ahctf1_13	19191	5474	23.7280381804918	6.76813511541933	3.5058458165875	0	0	Ahctf1
Hmga2_14	2456	1134	3.03663497323162	1.402094486826	2.1657848324515	6.06915322153215e-113	6.40995394006502e-113	Hmga2
Phf21a_15	6503	2465	8.04040603865033	3.04776270725405	2.63813387423935	0	0	Phf21a
Zfp957_16	3126	1098	3.86503295045686	1.35758355073629	2.84699453551913	1.79636839509492e-228	2.25566713247714e-228	Zfp957
Tcfe3_17	3432	1024	4.24337590721943	1.26608884877409	3.3515625	1.1657642721355e-308	1.63577081994887e-308	Tcfe3
Mnt_18	2699	897	3.33708379183719	1.10906415756871	3.00891861761427	4.52951767828163e-212	5.56124114944578e-212	Mnt
Npas1_19	1768	426	2.18598152796152	0.526712743728285	4.15023474178404	3.45543455987889e-196	4.10013979990998e-196	Npas1
Tcfap4_20	10071	3731	12.4519343710976	4.61306395974233	2.69927633342268	0	0	Tcfap4
Twist2_21	4815	1810	5.95333770199928	2.23791095339952	2.66022099447514	0	0	Twist2
Id3_22	9781	3976	12.0933740525971	4.91598560813066	2.46001006036217	0	0	Id3
Ascl2_23	11643	5237	14.3955785803484	6.47510478616204	2.22321940042009	0	0	Ascl2
Myod1_24	16141	7347	19.9569727617799	9.08394020697585	2.19695113651831	0	0	Myod1
Arnt_25	3707	1097	4.58339000234919	1.3563471358449	3.3792160437557	0	0	Arnt
Arnt2_26	5576	2017	6.89424943434019	2.49384883591538	2.76450173525037	0	0	Arnt2
Mlx_27	4064	1223	5.02479011857219	1.5121354121589	3.32297628781684	0	0	Mlx
Ahr_28	4731	1276	5.84947885112328	1.57766540140209	3.7076802507837	0	0	Ahr
Hey2_29	3569	1026	4.41276474733862	1.26856167855686	3.47855750487329	0	0	Hey2
Sim1_30	1768	426	2.18598152796152	0.526712743728285	4.15023474178404	3.45543455987889e-196	4.10013979990998e-196	Sim1
Tcf3_31	9778	4166	12.0896648079229	5.15090443749305	2.34709553528565	0	0	Tcf3
Srebf1_32	3358	1079	4.15188120525724	1.33409166780005	3.11214087117702	2.51578517608845e-276	3.37474066109589e-276	Srebf1
Id2_33	3740	1096	4.62419169376476	1.35511072095352	3.41240875912409	0	0	Id2
Npas3_34	1768	426	2.18598152796152	0.526712743728285	4.15023474178404	3.45543455987889e-196	4.10013979990998e-196	Npas3
Id4_35	9781	3976	12.0933740525971	4.91598560813066	2.46001006036217	0	0	Id4
Ahrr_36	4731	1276	5.84947885112328	1.57766540140209	3.7076802507837	0	0	Ahrr
Myc_37	9158	3504	11.3230875752668	4.33239777939886	2.61358447488584	0	0	Myc
Srebf2_38	1732	461	2.14147059187181	0.569987264926619	3.75704989154013	7.31678266482642e-175	8.48823605735768e-175	Srebf2
Hes1_39	2945	602	3.6412418551169	0.744321764611333	4.89202657807309	0	0	Hes1
Hes7_40	2699	454	3.33708379183719	0.561332360686952	5.94493392070485	0	0	Hes7
Tcfeb_41	3825	996	4.72928695953214	1.23146923181543	3.84036144578313	0	0	Tcfeb
Bhlhe22_42	3069	1212	3.79455730164814	1.49853484835371	2.53217821782178	5.37585345414488e-188	6.31109489171856e-188	Bhlhe22
Msc_43	2713	1151	3.35439360031652	1.42311353997948	2.35708079930495	8.21445292021186e-147	9.07697047683411e-147	Msc
Npas2_44	4192	1314	5.18305122466895	1.62464916727457	3.19025875190259	0	0	Npas2
Myog_45	15740	6623	19.4611703903362	8.18877582561604	2.37656651064472	0	0	Myog
Usf1_46	4265	1163	5.27330951173976	1.43795051867605	3.66723989681857	0	0	Usf1
Ptf1a_47	13829	5160	17.0983815329072	6.37990083952571	2.68003875968992	0	0	Ptf1a
Sohlh2_48	3028	702	3.74386429110152	0.867963253749428	4.31339031339031	0	0	Sohlh2
Neurog2_49	2443	973	3.02056157964366	1.20303168931367	2.51079136690647	3.04440810909152e-147	3.36828131218636e-147	Neurog2
Mycl1_50	4428	1276	5.47484513903485	1.57766540140209	3.47021943573668	0	0	Mycl1
Hes2_51	3422	1001	4.23101175830562	1.23765130627233	3.41858141858142	1.06434154847534e-314	1.5029998862617e-314	Hes2
Clock_52	2460	696	3.04158063279714	0.860544764401142	3.53448275862069	1.53933187459244e-233	1.93841791615344e-233	Clock
Tcfec_53	3565	1096	4.40781908777309	1.35511072095352	3.25273722627737	6.73352405271836e-310	9.47840009968638e-310	Tcfec
Figla_54	9235	3726	11.4182915219031	4.60688188528543	2.47852925389157	0	0	Figla
Bhlhe40_55	2943	864	3.63876902533414	1.06826246615314	3.40625	7.20671926060171e-269	9.56567541497283e-269	Bhlhe40
Bhlhe41_56	2749	687	3.39890453640624	0.849417030378714	4.00145560407569	6.07712562150999e-296	8.4203433376408e-296	Bhlhe41
Mesp2_57	9942	3107	12.2924368501094	3.84154106752062	3.19987125844866	0	0	Mesp2
Mesp1_58	9942	3107	12.2924368501094	3.84154106752062	3.19987125844866	0	0	Mesp1
Tcf12_59	10130	3558	12.524882849689	4.39916418353343	2.84710511523328	0	0	Tcf12
Heyl_60	3569	1026	4.41276474733862	1.26856167855686	3.47855750487329	0	0	Heyl
Scx_61	9610	3596	11.8819471061709	4.4461479494059	2.67241379310345	0	0	Scx
Mitf_62	3517	1045	4.34847117298681	1.29205356149309	3.36555023923445	5.78992071901836e-318	8.20238892044012e-318	Mitf
Myf6_63	8923	3741	11.0325300757922	4.62542810865614	2.38519112536755	0	0	Myf6
Atoh7_64	3156	1209	3.90212539719828	1.49482560367957	2.61042183622829	5.18157613352465e-203	6.24048133792343e-203	Atoh7
Mycn_65	4428	1276	5.47484513903485	1.57766540140209	3.47021943573668	0	0	Mycn
Hand1_66	9383	3316	11.6012809258275	4.09995177981924	2.82961399276236	0	0	Hand1
Atoh8_67	10441	4377	12.9094078809085	5.41178797957443	2.38542380626	0	0	Atoh8
Hand2_68	9383	3316	11.6012809258275	4.09995177981924	2.82961399276236	0	0	Hand2
Neurod2_69	1933	792	2.38998998503938	0.979240593973714	2.44065656565657	4.64264426541865e-111	4.88583039360725e-111	Neurod2
Mlxip_70	3755	1583	4.64273791713547	1.95724477305605	2.37207833228048	1.49452418010678e-206	1.82228879339916e-206	Mlxip
Tcfl5_71	2258	494	2.79182482473819	0.61078895634219	4.57085020242915	1.67376398269003e-272	2.23505643609968e-272	Tcfl5
Olig2_72	2287	870	2.82768085658824	1.07568095550143	2.62873563218391	3.11752907928881e-148	3.4709013930621e-148	Olig2
Hey1_73	3569	1026	4.41276474733862	1.26856167855686	3.47855750487329	0	0	Hey1
Id1_74	3740	1096	4.62419169376476	1.35511072095352	3.41240875912409	0	0	Id1
Neurog3_75	2443	973	3.02056157964366	1.20303168931367	2.51079136690647	3.04440810909152e-147	3.36828131218636e-147	Neurog3
Mycs_76	4428	1276	5.47484513903485	1.57766540140209	3.47021943573668	0	0	Mycs
Bhlhe23_77	2072	837	2.56185165494133	1.03487926408586	2.47550776583035	6.38730892783732e-122	6.87744347406601e-122	Bhlhe23
Olig3_78	2698	884	3.33584737694581	1.09299076398076	3.05203619909502	6.56751120311252e-216	8.09718257120148e-216	Olig3
Tcf21_79	6981	2858	8.63141235673042	3.53367375956676	2.44261721483555	0	0	Tcf21
Npas4_80	1463	369	1.80887498609033	0.456237094919571	3.96476964769648	1.18809767399509e-155	1.3447866117947e-155	Npas4
Olig1_81	2024	825	2.50250374015505	1.02004228538929	2.45333333333333	2.62103098259283e-117	2.79155588989405e-117	Olig1
Ferd3l_82	11058	4276	13.6722758688906	5.28691007554495	2.58606173994387	0	0	Ferd3l
Hes5_83	2038	558	2.51981354863438	0.689919509390571	3.65232974910394	5.15213502421233e-200	6.17976575495753e-200	Hes5
Nhlh2_84	12445	5318	15.3871833232359	6.5752543923639	2.34016547574276	0	0	Nhlh2
Neurog1_85	2651	1051	3.2777358770509	1.29947205084138	2.52235965746908	4.35180979246369e-161	4.96387078262955e-161	Neurog1
Nhlh1_86	10471	4348	12.9465003276499	5.37593194772438	2.40823367065317	0	0	Nhlh1
Bhlha15_87	3704	1785	4.57968075767505	2.207000581115	2.0750700280112	2.6264285291666e-156	2.97661899972215e-156	Bhlha15
Tcf4_88	10005	3453	12.3703309882664	4.26934061993843	2.89748045178106	0	0	Tcf4
Arntl_89	3848	1123	4.7577245020339	1.38849392302081	3.42653606411398	0	0	Arntl
Ebf1_90	10748	3553	13.2889872525625	4.39298210907652	3.02504925415142	0	0	Ebf1
Max_91	3537	1160	4.37319947081443	1.4342412740019	3.04913793103448	6.31948651003334e-284	8.58129965417738e-284	Max
Sim2_92	1768	426	2.18598152796152	0.526712743728285	4.15023474178404	3.45543455987889e-196	4.10013979990998e-196	Sim2
Tcf15_93	9610	3596	11.8819471061709	4.4461479494059	2.67241379310345	0	0	Tcf15
Atoh1_94	2491	990	3.07990949442995	1.22405074246714	2.51616161616162	1.10710820578764e-150	1.24041020775194e-150	Atoh1
Usf2_95	4171	1171	5.15708651194995	1.44784183780709	3.56191289496157	0	0	Usf2
Mga_96	7397	2667	9.1457609515449	3.297518515313	2.77352830896138	0	0	Mga
Cebpd_97	1408	471	1.74087216706438	0.582351413840428	2.98938428874735	1.44080447949194e-109	1.50908905197971e-109	Cebpd
Fosb_98	8758	3926	10.8285216187144	4.85416486356162	2.23076923076923	0	0	Fosb
Hlf_99	1297	422	1.60363011412109	0.521767084162762	3.07345971563981	1.21528504631622e-104	1.26241125845304e-104	Hlf
Atf6b_100	1878	557	2.32198716601343	0.68868309449919	3.37163375224416	5.42026326443352e-169	6.23083579422526e-169	Atf6b
Nfe2l2_101	10233	4354	12.6522335835013	5.38335043707266	2.35025264124943	0	0	Nfe2l2
Mafk_102	6840	2347	8.45707785704571	2.90186575007109	2.91435875585854	0	0	Mafk
Xbp1_103	2017	522	2.49384883591538	0.645408573300857	3.8639846743295	1.91379881063299e-209	2.34321073213236e-209	Xbp1
Fos_104	9636	4473	11.9140938933469	5.530483809147	2.15425888665325	0	0	Fos
Tef_105	1629	629	2.01411985805957	0.777704966678619	2.58982511923688	3.42189480560561e-103	3.52970245992457e-103	Tef
Atf1_106	1696	444	2.09695965578209	0.548968211773143	3.81981981981982	4.61580305727842e-174	5.34779803752834e-174	Atf1
Fosl1_107	4493	1768	5.55521210697462	2.18598152796152	2.54128959276018	3.44878062736621e-279	4.65453751846066e-279	Fosl1
Bach1_108	8264	3702	10.2177326623722	4.57720792789228	2.23230686115613	0	0	Bach1
Creb1_109	2432	622	3.00696101583847	0.769050062438952	3.90996784565916	8.77225368436915e-256	1.12713259549162e-255	Creb1
Atf3_110	2316	722	2.86353688843828	0.892691551577047	3.20775623268698	7.77535517944577e-197	9.3009661415833e-197	Atf3
Atf6_111	1878	557	2.32198716601343	0.68868309449919	3.37163375224416	5.42026326443352e-169	6.23083579422526e-169	Atf6
Atf2_112	3240	974	4.00598424807428	1.20426810420505	3.3264887063655	1.38606644206123e-288	1.90854008533042e-288	Atf2
Fosl2_113	3375	1025	4.17290025841071	1.26732526366548	3.29268292682927	2.71262831818968e-297	3.78227670864303e-297	Fosl2
Jdp2_114	2524	713	3.12071118584552	0.881563817554619	3.53997194950912	4.48330733272857e-240	5.68614588541184e-240	Jdp2
Cebpa_115	691	342	0.854362689944238	0.422853892852286	2.02046783625731	2.72742100282432e-28	2.73050981483205e-28	Cebpa
Creb3l3_116	4410	1398	5.45258967099	1.72850801815057	3.15450643776824	0	0	Creb3l3
Nfe2l1_117	5896	1924	7.28990219958209	2.37886225101695	3.06444906444906	0	0	Nfe2l1
Creb3l2_118	3854	1053	4.76514299138219	1.30194488062414	3.66001899335233	0	0	Creb3l2
Bach2_119	6921	3270	8.55722746324757	4.04307669481571	2.11651376146789	4.60594001439078e-312	6.49386120051424e-312	Bach2
Nrl_120	7715	2701	9.53894088700404	3.33955662161995	2.85634950018512	0	0	Nrl
Atf4_121	1065	295	1.31678185932071	0.364742392957381	3.61016949152542	1.75497845418091e-103	1.81450403917652e-103	Atf4
Crebzf_122	1050	288	1.29823563595	0.356087488717714	3.64583333333333	4.39701294914078e-103	4.53025576578141e-103	Crebzf
Mafg_123	7237	2774	8.94793456892395	3.42981490869076	2.60886806056236	0	0	Mafg
Atf7_124	3237	1065	4.00227500340014	1.31678185932071	3.03943661971831	2.3756037276633e-258	3.07471990520403e-258	Atf7
Cebpe_125	2804	1159	3.46690735543219	1.43300485911052	2.41932700603969	6.24761309453101e-159	7.09883030278331e-159	Cebpe
Jun_126	2736	994	3.38283114281828	1.22899640203267	2.75251509054326	2.98850311700635e-190	3.52244900724481e-190	Jun
Junb_127	5721	3405	7.07352959359042	4.20999270515214	1.68017621145374	4.51918839948861e-139	4.92597107909732e-139	Junb
X9430076C15Rik_128	3955	1270	4.89002089541166	1.57024691205381	3.11417322834646	0	0	X9430076C15Rik
Cebpg_129	2162	786	2.67312899516562	0.971822104625428	2.75063613231552	6.275949475492e-150	7.01382975516425e-150	Cebpg
Cebpb_130	1408	471	1.74087216706438	0.582351413840428	2.98938428874735	1.44080447949194e-109	1.50908905197971e-109	Cebpb
Nfil3_131	1679	572	2.07594060262862	0.707229317869905	2.93531468531468	1.93223441814133e-127	2.09069183064497e-127	Nfil3
Nfe2_132	10997	4970	13.5968545605163	6.14498201016333	2.21267605633803	0	0	Nfe2
Dbp_133	2478	970	3.063836100842	1.19932244463952	2.55463917525773	1.26940177391007e-153	1.43131526548023e-153	Dbp
Crem_134	1865	453	2.30591377242548	0.560095945795571	4.11699779249448	1.74927805133442e-205	2.12704511331448e-205	Crem
Jund_135	6097	2404	7.53842159274966	2.97234139887981	2.53618968386023	0	0	Jund
Mafb_136	8451	3134	10.4489422470604	3.8749242695879	2.69655392469687	0	0	Mafb
Nfil3_137	2003	646	2.47653902743605	0.798724019832095	3.10061919504644	3.5536370726213e-163	4.05867593307136e-163	Nfil3
Nfil3_138	2885	960	3.56705696163405	1.18695829572571	3.00520833333333	1.64802718220529e-226	2.06353545193977e-226	Nfil3
Zeb1_139	12269	4257	15.1695743023529	5.26341819260871	2.882076579751	0	0	Zeb1
Zscan4_140	6694	2008	8.27656128290409	2.48272110189295	3.33366533864542	0	0	Zscan4
Bcl6b_141	13167	4599	16.279874874813	5.686272085461	2.86301369863014	0	0	Bcl6b
Sp1_142	13453	3705	16.6334895337479	4.58091717256643	3.63103913630229	0	0	Sp1
Klf4_143	26133	9762	32.3112303564584	12.0698821696609	2.67701290719115	0	0	Klf4
Plag1_144	12903	4496	15.9534613434884	5.55892135164876	2.86988434163701	0	0	Plag1
Klf5_145	31939	12785	39.4898552158162	15.8075643863055	2.49816190848651	0	0	Klf5
Ctcf_146	24013	8310	29.6900307867308	10.2746077473757	2.88965102286402	0	0	Ctcf
Snai3_147	9042	2942	11.1796634478666	3.63753261044276	3.07341944255608	0	0	Snai3
Glis2_148	4854	1547	6.00155788276314	1.91273383696633	3.1376858435682	0	0	Glis2
Ikzf1_149	6951	2315	8.59431990998899	2.8623004735469	3.00259179265659	0	0	Ikzf1
Sp2_150	30232	11708	37.3792949962289	14.4759455482882	2.58216604031432	0	0	Sp2
Zbtb4_151	5795	1494	7.16502429555262	1.84720384772314	3.87884872824632	0	0	Zbtb4
Plagl1_152	6514	2622	8.05400660245552	3.24187984520086	2.48436308161709	0	0	Plagl1
Patz1_153	21393	8541	26.4506237713127	10.5602195872847	2.50474183350896	0	0	Patz1
Yy1_154	9748	4220	12.0525723611815	5.21767084162762	2.30995260663507	0	0	Yy1
Gli3_155	11659	4900	14.4153612186105	6.05843296776666	2.37938775510204	0	0	Gli3
Zkscan3_156	6286	1759	7.77210400722066	2.17485379393909	3.57362137578169	0	0	Zkscan3
Hivep1_157	9751	3799	12.0562816058557	4.69714017235624	2.56672808633851	0	0	Hivep1
Zfp369_158	12892	4348	15.9398607796832	5.37593194772438	2.96504139834407	0	0	Zfp369
Fezf2_159	8833	2816	10.9212527355679	3.48174433412876	3.13671875	0	0	Fezf2
Zfp187_160	1373	847	1.69759764586605	1.04724341299967	1.62101534828808	9.02283849536526e-30	9.04329844660191e-30	Zfp187
Osr2_161	4948	1588	6.11778088255295	1.96342684751295	3.11586901763224	0	0	Osr2
Bcl6_162	13818	4554	17.084780969102	5.63063341534885	3.03425559947299	0	0	Bcl6
Zfp263_163	7821	2343	9.67000086549042	2.89692009050557	3.33802816901408	0	0	Zfp263
Zscan10_164	8390	2897	10.3735209386862	3.58189394033062	2.89609941318605	0	0	Zscan10
Zfp523_165	13629	4386	16.851098554631	5.42291571359686	3.10738714090287	0	0	Zfp523
Ovol1_166	4847	1683	5.99290297852347	2.08088626219414	2.87997623291741	0	0	Ovol1
Sp4_167	17874	6127	22.0996797685431	7.57551403949109	2.91725150971111	0	0	Sp4
Zfp711_168	4316	1444	5.33636667120019	1.78538310315409	2.98891966759003	0	0	Zfp711
Zfp202_169	9365	3578	11.5790254577826	4.42389248136105	2.61738401341532	0	0	Zfp202
Zfp282_170	7916	2468	9.78746028017162	3.05147195192819	3.20745542949757	0	0	Zfp282
Klf7_171	16347	5396	20.2116742294044	6.67169475389162	3.02946627131208	0	0	Klf7
Gfi1b_172	13031	4130	16.1117224495852	5.10639350140333	3.15520581113801	0	0	Gfi1b
Mecom_173	12013	3423	14.8530520901594	4.232248173197	3.50949459538417	0	0	Mecom
Zbtb7b_174	6209	2036	7.67690006058433	2.51734071885162	3.04960707269155	0	0	Zbtb7b
Mtf1_175	3383	1257	4.18279157754176	1.55417351846586	2.69132856006364	2.78662956914184e-228	3.49415679307999e-228	Mtf1
Zbtb49_176	4624	1480	5.71718245774552	1.82989403924381	3.12432432432432	0	0	Zbtb49
Fezf1_177	8833	2816	10.9212527355679	3.48174433412876	3.13671875	0	0	Fezf1
Zkscan1_178	3339	1494	4.128389322321	1.84720384772314	2.23493975903614	5.57303006343732e-164	6.3815525596873e-164	Zkscan1
Mzf1_179	6578	1986	8.1331371555039	2.45551997428257	3.31218529707956	0	0	Mzf1
Zfp300_180	4780	1403	5.91006318080095	1.73469009260748	3.40698503207413	0	0	Zfp300
Zic1_181	9408	4085	11.632191298112	5.05075483129119	2.3030599755202	0	0	Zic1
Zbtb1_182	3156	599	3.90212539719828	0.74061251993719	5.26878130217028	0	0	Zbtb1
Egr3_183	8260	2597	10.2127870028067	3.21096947291633	3.18059299191375	0	0	Egr3
Klf9_184	896	200	1.10782774267733	0.24728297827619	4.48	1.50833453888883e-106	1.57051558583949e-106	Klf9
Glis1_185	3807	1106	4.70703149148728	1.36747486986733	3.44213381555154	0	0	Glis1
Prdm4_186	9647	3210	11.927694457152	3.96889180133285	3.00529595015576	0	0	Prdm4
Zic4_187	7676	3002	9.49072070624019	3.71171750392562	2.55696202531646	0	0	Zic4
Egr2_188	5798	1746	7.16873354022676	2.15878040035114	3.32073310423826	0	0	Egr2
Prdm1_189	12168	4118	15.0446963983234	5.09155652270676	2.95483244293346	0	0	Prdm1
Egr1_190	9717	2807	12.0142434995487	3.47061660010633	3.46170288564304	0	0	Egr1
Sp6_191	15034	4488	18.5882614770212	5.54903003251771	3.34982174688057	0	0	Sp6
Rreb1_192	30435	10655	37.6302872191793	13.174000667664	2.85640544345378	0	0	Rreb1
Zfp281_193	20685	8736	25.575242028215	10.801320491104	2.36778846153846	0	0	Zfp281
Klf8_194	19368	6699	23.9468836162663	8.282743357361	2.89117778772951	0	0	Klf8
Zic5_195	6375	2120	7.88214493255357	2.62119956972762	3.00707547169811	0	0	Zic5
Zfp410_196	8702	3445	10.759282384797	4.25944930080738	2.52597968069666	0	0	Zfp410
Snai1_197	9042	2942	11.1796634478666	3.63753261044276	3.07341944255608	0	0	Snai1
Hic1_198	5546	2165	6.85715698759876	2.67683823983976	2.56166281755196	0	0	Hic1
Zfp784_199	4855	1303	6.00279429765452	1.61104860346938	3.72601688411358	0	0	Zfp784
Zfp3_200	4655	1318	5.75551131937833	1.62959482684009	3.53186646433991	0	0	Zfp3
Dnajc21_201	17943	6111	22.1849923960484	7.555731401229	2.93618065783014	0	0	Dnajc21
Zfp354c_202	23395	8715	28.9259263838574	10.775355778385	2.68445209409065	0	0	Zfp354c
Zfp691_203	8881	2092	10.9806006503542	2.58657995276895	4.24521988527725	0	0	Zfp691
Zfp740_204	10669	4745	13.1913104761434	5.86678865960262	2.24847207586934	0	0	Zfp740
Scrt1_205	7225	2265	8.93309759022738	2.80047972897786	3.18984547461369	0	0	Scrt1
Osr1_206	3857	1451	4.76885223605633	1.79403800739376	2.65816678152998	3.80496922542022e-256	4.89605938176343e-256	Osr1
Sp8_207	22558	8562	27.8910471197715	10.5861843000037	2.63466479794441	0	0	Sp8
Zfa_208	13139	4759	16.2452552578543	5.88409846808195	2.76087413322127	0	0	Zfa
Zfp161_209	4529	759	5.59972304306433	0.938438902558142	5.96706192358366	0	0	Zfp161
Zbtb12_210	7430	1876	9.18656264296047	2.31951433623067	3.96055437100213	0	0	Zbtb12
Hic2_211	7548	2666	9.33245960014342	3.29628210042162	2.83120780195049	0	0	Hic2
Zfp524_212	6714	1814	8.30128958073171	2.24285661296505	3.70121278941566	0	0	Zfp524
Zfy1_213	13139	4759	16.2452552578543	5.88409846808195	2.76087413322127	0	0	Zfy1
Klf1_214	21031	8244	26.0030415806328	10.1930043645446	2.55106744298884	0	0	Klf1
Zscan4c_215	12392	4460	15.3216533339928	5.51441041555904	2.77847533632287	0	0	Zscan4c
Zkscan4_216	6286	1759	7.77210400722066	2.17485379393909	3.57362137578169	0	0	Zkscan4
Zkscan5_217	10637	3558	13.1517451996192	4.39916418353343	2.98960089938167	0	0	Zkscan5
Zfp105_218	18699	6591	23.1197220539324	8.14921054909185	2.83705052344106	0	0	Zfp105
Zfp110_219	12892	4348	15.9398607796832	5.37593194772438	2.96504139834407	0	0	Zfp110
Zfp637_220	4474	1732	5.53172022403838	2.14147059187181	2.58314087759815	2.43735827285914e-285	3.33017730016612e-285	Zfp637
Scrt2_221	6834	2142	8.44965936769742	2.648400697338	3.19047619047619	0	0	Scrt2
Sp7_222	22558	8562	27.8910471197715	10.5861843000037	2.63466479794441	0	0	Sp7
Zfp128_223	504	85	0.623153105256	0.105095265767381	5.92941176470588	6.00966415809361e-74	6.10637139741926e-74	Zfp128
Zfp143_224	9523	2796	11.7743790106208	3.45701603630114	3.40593705293276	0	0	Zfp143
Zic2_225	9187	3524	11.3589436071168	4.35712607722647	2.60698070374574	0	0	Zic2
Zscan20_226	6564	1623	8.11582734702457	2.00670136871128	4.04436229205176	0	0	Zscan20
Zfp238_227	10218	3889	12.6336873601306	4.80841751258052	2.62741064541013	0	0	Zfp238
Zbtb6_228	8140	2679	10.0644172158409	3.31235549400957	3.03844718178425	0	0	Zbtb6
Zic3_229	9705	4420	11.9994065208521	5.46495381990381	2.19570135746606	0	0	Zic3
Insm1_230	11206	3620	13.8552652728149	4.47582190679905	3.09558011049724	0	0	Insm1
Sp9_231	22558	8562	27.8910471197715	10.5861843000037	2.63466479794441	0	0	Sp9
Zscan4ps2_232	12392	4460	15.3216533339928	5.51441041555904	2.77847533632287	0	0	Zscan4ps2
Zscan4f_233	12392	4460	15.3216533339928	5.51441041555904	2.77847533632287	0	0	Zscan4f
Egr4_234	7109	2369	8.78967346282719	2.92906687768147	3.00084423807514	0	0	Egr4
Zbtb3_235	10038	3498	12.411132679682	4.32497929005057	2.8696397941681	0	0	Zbtb3
Klf12_236	16179	5479	20.0039565276524	6.77431718987623	2.952911115167	0	0	Klf12
Klf14_237	13201	4321	16.3219129811199	5.34254874565709	3.05507984262902	0	0	Klf14
Sp5_238	15034	4488	18.5882614770212	5.54903003251771	3.34982174688057	0	0	Sp5
Zfp652_239	6813	2098	8.42369465497842	2.59399844211724	3.24737845567207	0	0	Zfp652
Zfx_240	4110	1766	5.08166520357571	2.18350869817876	2.3272933182333	6.91775958024005e-219	8.58890374850028e-219	Zfx
Myt1l_241	7453	2388	9.21500018546223	2.95255876061771	3.12102177554439	0	0	Myt1l
Nfya_242	7849	2781	9.70462048244909	3.43846981293043	2.82236605537576	0	0	Nfya
Cenpb_243	1343	284	1.66050519912462	0.35114182915219	4.72887323943662	2.52267699755424e-166	2.89616424134798e-166	Cenpb
Cux2_244	2222	695	2.74731388864847	0.859308349509762	3.19712230215827	4.83593660730591e-188	5.68479782029046e-188	Cux2
Onecut3_245	7724	2784	9.55006862102647	3.44217905760457	2.77442528735632	0	0	Onecut3
Lin54_246	7383	2967	9.12845114306557	3.66844298272728	2.48837209302326	0	0	Lin54
Cxxc1_247	1499	412	1.85338592218005	0.509402935248952	3.63834951456311	1.72647314005248e-146	1.90299533142941e-146	Cxxc1
Mbd1_248	946	373	1.16964848724638	0.461182754485095	2.53619302949062	1.83316332081119e-58	1.85413772951612e-58	Mbd1
Kdm2b_249	842	358	1.04106133854276	0.442636531114381	2.35195530726257	5.02837061052603e-46	5.06273305205582e-46	Kdm2b
Dmrtc2_250	5927	2131	7.3282310612149	2.63480013353281	2.78132332238386	0	0	Dmrtc2
Dmrt1_251	5622	1763	6.95112451934371	2.17979945350462	3.18888258650028	0	0	Dmrt1
Dmrt3_252	5047	1567	6.24018595679966	1.93746213479395	3.2208040842374	0	0	Dmrt3
Dmrta1_253	6723	1961	8.31241731475414	2.42460960199805	3.42835288118307	0	0	Dmrta1
Dmrt2_254	5217	1885	6.45037648833442	2.33064207025309	2.76763925729443	0	0	Dmrt2
Tfdp2_255	3444	889	4.258212885916	1.09917283843767	3.8740157480315	0	0	Tfdp2
Tfdp1_256	3444	889	4.258212885916	1.09917283843767	3.8740157480315	0	0	Tfdp1
E2f4_257	7328	1717	9.06044832403961	2.12292436850109	4.26790914385556	0	0	E2f4
E2f3_258	1629	343	2.01411985805957	0.424090307743666	4.74927113702624	2.14001253048393e-202	2.57034113715732e-202	E2f3
E2f2_259	1556	307	1.92386157098876	0.379579371653952	5.06840390879479	4.39681714894616e-203	5.30257347840164e-203	E2f2
E2f7_260	3911	1442	4.8356186401909	1.78291027337133	2.7122052704577	8.4494290942135e-268	1.11648659481087e-267	E2f7
E2f1_261	7734	1775	9.56243276994028	2.19463643220119	4.35718309859155	0	0	E2f1
E2f5_262	1604	439	1.98320948577505	0.542786137316238	3.65375854214123	2.04227233416995e-157	2.31754652555358e-157	E2f5
E2f8_263	5696	1932	7.0426192213059	2.388753570148	2.94824016563147	0	0	E2f8
E2f6_264	17859	6022	22.0811335451724	7.44569047589609	2.96562603786118	0	0	E2f6
Sfpi1_265	10205	3657	12.6176139665426	4.52156925778014	2.79053869291769	0	0	Sfpi1
Elf3_266	9589	3410	11.8559823934519	4.21617477960905	2.81202346041056	0	0	Elf3
Etv3_267	4383	1087	5.41920646892271	1.34398298693109	4.03219871205152	0	0	Etv3
Etv1_268	4202	838	5.19541537358276	1.03611567897724	5.01431980906921	0	0	Etv1
Spic_269	11719	4477	14.4895461120934	5.53542946871252	2.61760107214653	0	0	Spic
Etv2_270	5518	1708	6.82253737064009	2.11179663447867	3.23067915690867	0	0	Etv2
Spib_271	21065	8005	26.0450796869397	9.89750120550452	2.631480324797	0	0	Spib
Elk3_272	4410	874	5.45258967099	1.08062661506695	5.04576659038902	0	0	Elk3
Gabpa_273	4731	1054	5.84947885112328	1.30318129551552	4.48861480075901	0	0	Gabpa
Elk1_274	4564	867	5.64299756426266	1.07197171082729	5.2641291810842	0	0	Elk1
Ehf_275	8251	2814	10.2016592687842	3.479271504346	2.93212508884151	0	0	Ehf
Etv5_276	4176	829	5.16326858640685	1.02498794495481	5.03739445114596	0	0	Etv5
Fli1_277	5094	1561	6.29829745669457	1.93004364544567	3.26329276105061	0	0	Fli1
Etv4_278	4200	821	5.1929425438	1.01509662582376	5.115712545676	0	0	Etv4
Spdef_279	3120	790	3.85761446110857	0.976767764190952	3.94936708860759	0	0	Spdef
Elk4_280	4165	800	5.14966802260166	0.989131913104761	5.20625	0	0	Elk4
Elf5_281	9301	3317	11.4998949047342	4.10118819471062	2.80403979499548	0	0	Elf5
Etv6_282	5473	1600	6.76689870052795	1.97826382620952	3.420625	0	0	Etv6
Elf4_283	6113	1959	7.55820423101176	2.42213677221528	3.1204696273609	0	0	Elf4
Ets1_284	5166	1579	6.387319328874	1.95229911349052	3.27169094363521	0	0	Ets1
Elf1_285	17127	6209	21.1760778446816	7.67690006058433	2.75841520373651	0	0	Elf1
Elf2_286	5623	1386	6.95236093423509	1.713671039454	4.05699855699856	0	0	Elf2
Erg_287	5157	1514	6.37619159485157	1.87193214555076	3.40620871862616	0	0	Erg
Erf_288	5615	1584	6.94246961510404	1.95848118794743	3.54482323232323	0	0	Erf
ENSMUSG00000044690_289	4176	829	5.16326858640685	1.02498794495481	5.03739445114596	0	0	ENSMUSG00000044690
Gm5454_290	4156	792	5.13854028857924	0.979240593973714	5.24747474747475	0	0	Gm5454
Fev_291	4539	1143	5.61208719197814	1.41322222084843	3.97112860892388	0	0	Fev
Gm4881_292	4731	1054	5.84947885112328	1.30318129551552	4.48861480075901	0	0	Gm4881
Gm4881_293	17369	6386	21.4752902483958	7.89574549635876	2.7198559348575	0	0	Gm4881
Gm4881_294	2626	756	3.24682550476638	0.934729657883999	3.47354497354497	8.335829630349e-245	1.05874617718801e-244	Gm4881
Gm4881_295	10991	3262	13.589436071168	4.03318537568467	3.36940527283875	0	0	Gm4881
Gm4881_296	10854	4324	13.4200472310489	5.34625799033124	2.51017576318224	0	0	Gm4881
Gm4881_297	12245	4340	15.1399003449598	5.36604062859333	2.82142857142857	0	0	Gm4881
Foxj2_298	10547	3547	13.0404678593949	4.38556361972824	2.97349873132224	0	0	Foxj2
Foxg1_299	10693	4091	13.2209844335365	5.05817332063947	2.6137863603031	0	0	Foxg1
Foxp4_300	8991	3547	11.1166062884061	4.38556361972824	2.53481815618833	0	0	Foxp4
Foxp2_301	8991	3547	11.1166062884061	4.38556361972824	2.53481815618833	0	0	Foxp2
Foxp1_302	9627	3795	11.9029661593244	4.69219451279071	2.53675889328063	0	0	Foxp1
Foxj3_303	11037	3897	13.6463111561716	4.81830883171157	2.83217859892225	0	0	Foxj3
Foxh1_304	7506	2532	9.28053017470542	3.13060250497657	2.96445497630332	0	0	Foxh1
Foxj1_305	22494	7450	27.8119165667231	9.21129094078809	3.0193288590604	0	0	Foxj1
Foxa1_306	15122	5303	18.6970659874628	6.55670816899319	2.85159343767679	0	0	Foxa1
Foxa2_307	7615	3124	9.41529939786595	3.86256012067409	2.43758002560819	0	0	Foxa2
Foxf2_308	8969	2891	11.0894051607958	3.57447545098233	3.10238671739882	0	0	Foxf2
Foxq1_309	9586	3172	11.8522731487778	3.92190803546038	3.02206809583859	0	0	Foxq1
Foxk2_310	8601	5252	10.6344044807676	6.49365100953276	1.63766184310739	1.63406009417624e-196	1.9494050246313e-196	Foxk2
Foxp3_311	8991	3547	11.1166062884061	4.38556361972824	2.53481815618833	0	0	Foxp3
Foxf1a_312	8969	2891	11.0894051607958	3.57447545098233	3.10238671739882	0	0	Foxf1a
Foxo4_313	9370	3460	11.5852075322395	4.27799552417809	2.70809248554913	0	0	Foxo4
Foxo1_314	13977	4895	17.2813709368316	6.05225089330976	2.85536261491318	0	0	Foxo1
Foxe3_315	8052	3179	9.95561270539942	3.93056293970005	2.53287197231834	0	0	Foxe3
Foxc2_316	13570	5281	16.7781500760395	6.52950704138281	2.56958909297482	0	0	Foxc2
Foxi1_317	17550	6184	21.6990813437357	7.64598968829981	2.83796895213454	0	0	Foxi1
Foxi2_318	17550	6184	21.6990813437357	7.64598968829981	2.83796895213454	0	0	Foxi2
Foxo3_319	8601	3303	10.6344044807676	4.08387838623128	2.60399636693915	0	0	Foxo3
Foxc1_320	13109	5029	16.2081628111129	6.21793048875481	2.60668124875721	0	0	Foxc1
Foxo6_321	8566	3601	10.5911299595692	4.45233002386281	2.37878367120244	0	0	Foxo6
Foxd2_322	8052	3179	9.95561270539942	3.93056293970005	2.53287197231834	0	0	Foxd2
Foxi3_323	17550	6184	21.6990813437357	7.64598968829981	2.83796895213454	0	0	Foxi3
Foxk1_324	8601	5252	10.6344044807676	6.49365100953276	1.63766184310739	1.63406009417624e-196	1.9494050246313e-196	Foxk1
Foxb2_325	12417	4635	15.3525637062773	5.73078302155071	2.6789644012945	0	0	Foxb2
Foxb1_326	12417	4635	15.3525637062773	5.73078302155071	2.6789644012945	0	0	Foxb1
Foxd3_327	19144	6568	23.6699266805969	8.12077300659009	2.91473812423873	0	0	Foxd3
Foxe1_328	19144	6568	23.6699266805969	8.12077300659009	2.91473812423873	0	0	Foxe1
Foxs1_329	13570	5281	16.7781500760395	6.52950704138281	2.56958909297482	0	0	Foxs1
Foxd1_330	11702	3971	14.4685270589399	4.90980353367376	2.94686476957945	0	0	Foxd1
Gm5294_331	10337	4034	12.7808207322049	4.98769767183076	2.56246901338622	0	0	Gm5294
Gm5294_332	20075	7436	24.8210289444726	9.19398113230876	2.69970414201183	0	0	Gm5294
Gm5294_333	15066	5209	18.6278267535454	6.44048516920338	2.89230178537147	0	0	Gm5294
Gm5294_334	11702	3971	14.4685270589399	4.90980353367376	2.94686476957945	0	0	Gm5294
Gm5294_335	22494	7450	27.8119165667231	9.21129094078809	3.0193288590604	0	0	Gm5294
Gm5294_336	11431	4064	14.1334586233757	5.02479011857219	2.81274606299213	0	0	Gm5294
Gm5294_337	20240	7341	25.0250374015505	9.07652171762757	2.75711755891568	0	0	Gm5294
Gm5294_338	5154	1751	6.37248235017743	2.16496247480805	2.94346087949743	0	0	Gm5294
Gm5294_339	9293	3431	11.4900035856032	4.24213949232804	2.70853978431944	0	0	Gm5294
Gm5294_340	17550	6184	21.6990813437357	7.64598968829981	2.83796895213454	0	0	Gm5294
Gm5294_341	19144	6568	23.6699266805969	8.12077300659009	2.91473812423873	0	0	Gm5294
Gm5294_342	5129	1384	6.3415719778929	1.71119820967124	3.70592485549133	0	0	Gm5294
Gm5294_343	12009	4176	14.8481064305938	5.16326858640685	2.8757183908046	0	0	Gm5294
Gm5294_344	14786	4508	18.2816305839588	5.57375833034533	3.27994676131322	0	0	Gm5294
Gm5294_345	3884	1325	4.80223543812362	1.63824973107976	2.93132075471698	1.02916831002762e-296	1.43047922337172e-296	Gm5294
Gm5294_346	4904	1371	6.06337862733219	1.69512481608328	3.57695113056163	0	0	Gm5294
Gm5294_347	12249	4521	15.1448460045253	5.58983172393328	2.70935633709356	0	0	Gm5294
Gm5294_348	10581	4227	13.0825059657019	5.22632574586728	2.50319375443577	0	0	Gm5294
Gm5294_349	7194	2739	8.89476872859457	3.38654038749243	2.62650602409639	0	0	Gm5294
Gm5294_350	5566	1921	6.88188528542638	2.37515300634281	2.8974492451848	0	0	Gm5294
Gm5294_351	6374	2338	7.88090851766219	2.89073801604867	2.72626176218991	0	0	Gm5294
Gm5294_352	12632	3832	15.6183929079242	4.73794186377181	3.2964509394572	0	0	Gm5294
Gm5294_353	10465	3778	12.9390818383017	4.67117545963724	2.76998411858126	0	0	Gm5294
Foxl1_354	10337	4034	12.7808207322049	4.98769767183076	2.56246901338622	0	0	Foxl1
Foxl1_355	20075	7436	24.8210289444726	9.19398113230876	2.69970414201183	0	0	Foxl1
Foxl1_356	15066	5209	18.6278267535454	6.44048516920338	2.89230178537147	0	0	Foxl1
Foxl1_357	22494	7450	27.8119165667231	9.21129094078809	3.0193288590604	0	0	Foxl1
Foxl1_358	20240	7341	25.0250374015505	9.07652171762757	2.75711755891568	0	0	Foxl1
Foxl1_359	11702	3971	14.4685270589399	4.90980353367376	2.94686476957945	0	0	Foxl1
Foxl1_360	11431	4064	14.1334586233757	5.02479011857219	2.81274606299213	0	0	Foxl1
Foxl1_361	14623	4755	18.0800949566637	5.87915280851643	3.07528916929548	0	0	Foxl1
Foxl1_362	17550	6184	21.6990813437357	7.64598968829981	2.83796895213454	0	0	Foxl1
Foxl1_363	9293	3431	11.4900035856032	4.24213949232804	2.70853978431944	0	0	Foxl1
Foxl1_364	5154	1751	6.37248235017743	2.16496247480805	2.94346087949743	0	0	Foxl1
Foxl1_365	4948	1314	6.11778088255295	1.62464916727457	3.76560121765601	0	0	Foxl1
Foxl1_366	19144	6568	23.6699266805969	8.12077300659009	2.91473812423873	0	0	Foxl1
Foxl1_367	17593	5687	21.7522471840651	7.03149148728347	3.09354668542289	0	0	Foxl1
Foxl1_368	15574	5278	19.2559255183669	6.52579779670866	2.95073891625616	0	0	Foxl1
Foxl1_369	12009	4176	14.8481064305938	5.16326858640685	2.8757183908046	0	0	Foxl1
Foxl1_370	14786	4508	18.2816305839588	5.57375833034533	3.27994676131322	0	0	Foxl1
Foxl1_371	3884	1325	4.80223543812362	1.63824973107976	2.93132075471698	1.02916831002762e-296	1.43047922337172e-296	Foxl1
Foxl1_372	4904	1371	6.06337862733219	1.69512481608328	3.57695113056163	0	0	Foxl1
Foxl1_373	12249	4521	15.1448460045253	5.58983172393328	2.70935633709356	0	0	Foxl1
Foxl1_374	6091	1780	7.53100310340138	2.20081850665809	3.42191011235955	0	0	Foxl1
Foxl1_375	10581	4227	13.0825059657019	5.22632574586728	2.50319375443577	0	0	Foxl1
Foxl1_376	5566	1921	6.88188528542638	2.37515300634281	2.8974492451848	0	0	Foxl1
Foxl1_377	6374	2338	7.88090851766219	2.89073801604867	2.72626176218991	0	0	Foxl1
Foxl1_378	12632	3832	15.6183929079242	4.73794186377181	3.2964509394572	0	0	Foxl1
Foxl1_379	10465	3778	12.9390818383017	4.67117545963724	2.76998411858126	0	0	Foxl1
Foxl1_380	27432	9471	33.9173333003623	11.710085436269	2.89642065251821	0	0	Foxl1
Foxl1_381	25228	9253	31.1922748797587	11.4405469899479	2.72646709175403	0	0	Foxl1
Gata6_382	14406	3671	17.811792925234	4.53887906625947	3.92427131571779	0	0	Gata6
Gata2_383	15066	3597	18.6278267535454	4.44738436429728	4.1884904086739	0	0	Gata2
Gata3_384	11454	2820	14.1618961658774	3.48668999369428	4.06170212765957	0	0	Gata3
Gata5_385	11926	2874	14.7454839946092	3.55345639782886	4.14961725817676	0	0	Gata5
Gata4_386	10942	2671	13.5288517414904	3.30246417487852	4.09659303631599	0	0	Gata4
Gata1_387	16093	4106	19.8976248469937	5.07671954401019	3.9193862640039	0	0	Gata1
Gcm1_388	1350	676	1.66916010336428	0.835816466573523	1.99704142011834	2.11912454531624e-52	2.14092125492521e-52	Gcm1
Tcfcp2_389	1094	516	1.35263789117076	0.637990083952571	2.12015503875969	1.17426725141187e-48	1.18499115325125e-48	Tcfcp2
Grhl1_390	2394	848	2.959977249966	1.04847982789105	2.82311320754717	2.14485383969123e-172	2.47203493388142e-172	Grhl1
Tcfcp2l1_391	11266	3694	13.9294501662978	4.56731660876124	3.04981050351922	0	0	Tcfcp2l1
Dux_392	3290	1910	4.06780499264333	2.36155244253762	1.72251308900524	2.01704196096073e-85	2.06373274709409e-85	Dux
Lhx2_393	3248	1218	4.01587556720533	1.505953337702	2.66666666666667	5.38520516305287e-216	6.64877285494237e-216	Lhx2
Hoxb6_394	5016	1755	6.20185709516685	2.16990813437357	2.85811965811966	0	0	Hoxb6
Hoxa10_395	4396	1641	5.43527986251066	2.02895683675614	2.67885435709933	2.01570993534126e-296	2.7973117470042e-296	Hoxa10
Hoxa4_396	5624	1710	6.95359734912647	2.11426946426143	3.28888888888889	0	0	Hoxa4
Sebox_397	4005	1819	4.95184163998071	2.24903868742195	2.20175920835624	1.12233168789175e-191	1.32639199478116e-191	Sebox
Meox1_398	4081	1532	5.04580917172566	1.89418761359562	2.66383812010444	2.75683606931496e-272	3.67578142575329e-272	Meox1
Nkx21_399	5097	1704	6.30200670136871	2.10685097491314	2.99119718309859	0	0	Nkx21
Irx2_400	5079	1655	6.27975123332385	2.04626664523547	3.06888217522659	0	0	Irx2
Dlx3_401	3159	1265	3.90583464187243	1.5640648375969	2.49723320158103	3.16623236305283e-189	3.72696326090373e-189	Dlx3
Mnx1_402	3854	1924	4.76514299138219	2.37886225101695	2.0031185031185	2.77583395284563e-150	3.10612305609561e-150	Mnx1
Hoxc13_403	5528	2236	6.8349015195539	2.76462369712781	2.47227191413238	0	0	Hoxc13
Hoxc11_404	4835	1841	5.9780659998269	2.27623981503233	2.62629005975014	2.93164127525337e-317	4.14651361971614e-317	Hoxc11
Hoxc8_405	4463	1786	5.51811966023319	2.20823699600638	2.49888017917133	9.99735883170945e-270	1.32897221161371e-269	Hoxc8
Hoxc6_406	4664	1247	5.76663905340076	1.54180936955205	3.7401764234162	0	0	Hoxc6
Evx2_407	4060	1847	5.01984445900666	2.28365830438062	2.19815917704386	9.70786190337087e-194	1.15036862232974e-193	Evx2
Hoxd13_408	5747	1877	7.10567638076633	2.32075075112205	3.06180074587107	0	0	Hoxd13
Hoxd12_409	4942	2047	6.11036239320466	2.53094128265681	2.4142647777235	1.21360548644667e-282	1.64544056751358e-282	Hoxd12
Evx1_410	3625	1869	4.48200398125595	2.310859431991	1.93953986088818	1.10193819518955e-130	1.19376637812201e-130	Evx1
Otx1_411	6732	2372	8.32354504877657	2.93277612235562	2.83811129848229	0	0	Otx1
Rhox6_412	2985	1561	3.69069845077214	1.93004364544567	1.91223574631646	1.26894623594791e-103	1.31352280161353e-103	Rhox6
Vax1_413	4027	1680	4.97904276759109	2.07717701752	2.39702380952381	4.92608313623924e-226	6.15934581674044e-226	Vax1
Pknox1_414	9672	4174	11.9586048294366	5.16079575662409	2.31720172496406	0	0	Pknox1
Phox2a_415	2875	1659	3.55469281272024	2.051212304801	1.73297166968053	5.31888405366842e-76	5.41069448037155e-76	Phox2a
Pou6f1_416	5858	2625	7.24291843370962	3.245589089875	2.23161904761905	9.45267849972045e-292	1.30565121777389e-291	Pou6f1
Nanog_417	3442	1363	4.25574005613324	1.68523349695224	2.52531181217902	2.57436059387151e-210	3.15635889734038e-210	Nanog
Phox2b_418	2875	1628	3.55469281272024	2.01288344316819	1.76597051597052	2.13032376280813e-80	2.16959240359722e-80	Phox2b
Alx3_419	3837	2092	4.74412393822871	2.58657995276895	1.83413001912046	8.68507127724567e-120	9.27246740227678e-120	Alx3
Hoxa2_420	3645	1830	4.50673227908357	2.26263925122714	1.99180327868852	4.18333626586594e-140	4.56551760373517e-140	Hoxa2
Nkx25_421	6018	1997	7.44074481633057	2.46912053808776	3.01352028042063	0	0	Nkx25
Lhx1_422	4699	1927	5.80991357459909	2.38257149569109	2.43850544888428	5.90271399223367e-273	7.89409859173157e-273	Lhx1
Hoxb1_423	6927	2344	8.56464595259585	2.89815650539695	2.955204778157	0	0	Hoxb1
Lhx9_424	3282	1762	4.05791367351228	2.17856303861324	1.86265607264472	1.4920255603541e-106	1.55536626810498e-106	Lhx9
Meis1_425	9465	4001	11.7026669469207	4.94689598041519	2.36565858535366	0	0	Meis1
Hnf1b_426	5376	1511	6.646966456064	1.86822290087662	3.55790866975513	0	0	Hnf1b
Dlx4_427	2640	1263	3.26413531324571	1.56159200781414	2.09026128266033	1.02087743711694e-112	1.07563248439973e-112	Dlx4
Hoxb9_428	6907	2661	8.53991765476823	3.29010002596471	2.5956407365652	0	0	Hoxb9
Gsc_429	3792	2122	4.68848526811657	2.62367239951038	1.78699340245052	4.9252279106607e-110	5.17090436226136e-110	Gsc
Six6_430	4384	1430	5.42044288381409	1.76807329467476	3.06573426573427	0	0	Six6
Vsx2_431	2716	1478	3.35810284499067	1.82742120946105	1.83761840324763	6.1380100631669e-85	6.27283340559485e-85	Vsx2
Barx1_432	4100	1526	5.0693010546619	1.88676912424733	2.6867627785059	3.75902623747158e-277	5.05012035550893e-277	Barx1
Msx2_433	2934	1436	3.62764129131171	1.77549178402305	2.04317548746518	3.18707746403743e-119	3.39852409916657e-119	Msx2
Pitx1_434	7483	2590	9.25209263220366	3.20231456867667	2.88918918918919	0	0	Pitx1
Irx4_435	5137	1494	6.35146329702395	1.84720384772314	3.4384203480589	0	0	Irx4
Otp_436	3336	1113	4.12468007764685	1.376129774107	2.99730458221024	1.26008906296062e-261	1.64537478826763e-261	Otp
Otx2_437	6293	2137	7.78075891146033	2.64221862288109	2.94478240524099	0	0	Otx2
Hmbox1_438	4798	1795	5.93231864884581	2.21936473002881	2.67298050139276	0	0	Hmbox1
Nkx31_439	5867	1923	7.25404616773204	2.37762583612557	3.05096203848154	0	0	Nkx31
Hoxc10_440	4056	1601	5.01489879944114	1.9795002411009	2.53341661461586	4.79782440727276e-250	6.12016850797853e-250	Hoxc10
Hoxc5_441	7497	2674	9.269402440683	3.30617341955267	2.80366492146597	0	0	Hoxc5
Gsc2_442	4274	1645	5.28443724576219	2.03390249632167	2.59817629179331	1.00958396689365e-274	1.35223064656665e-274	Gsc2
Dlx2_443	2575	1397	3.18376834530595	1.72727160325919	1.84323550465283	3.40461085836497e-81	3.47136793401918e-81	Dlx2
Esx1_444	3408	1231	4.21370194982628	1.52202673128995	2.76848090982941	9.22296570685391e-240	1.16806614396259e-239	Esx1
Six2_445	2858	1193	3.53367375956676	1.47504296541748	2.39564124056999	2.87583858398606e-159	3.27608416010783e-159	Six2
Pou4f3_446	4291	1242	5.30545629891566	1.53562729509514	3.4549114331723	0	0	Pou4f3
Rax_447	2765	1440	3.41868717466833	1.78043744358857	1.92013888888889	6.1038857715743e-97	6.26693963074528e-97	Rax
Cdx1_448	4886	1757	6.04112315928733	2.17238096415633	2.7808764940239	0	0	Cdx1
Hhex_449	4112	1642	5.08413803335847	2.03019325164752	2.50426309378806	8.03113018754474e-249	1.02151353752368e-248	Hhex
Tlx1_450	5353	1719	6.61852891356224	2.12539719828386	3.11401977894125	0	0	Tlx1
Lbx1_451	3353	1285	4.14569913080033	1.58879313542452	2.60933852140078	9.13883480152111e-216	1.12517130425413e-215	Lbx1
Pitx3_452	7281	2538	9.00233682414471	3.13802099432486	2.86879432624114	0	0	Pitx3
Msx3_453	3227	1523	3.98991085448633	1.88305987957319	2.1188443860801	4.06155283931598e-142	4.44908638160511e-142	Msx3
Lhx4_454	3837	2092	4.74412393822871	2.58657995276895	1.83413001912046	8.68507127724567e-120	9.27246740227678e-120	Lhx4
Prrx1_455	3336	1208	4.12468007764685	1.49358918878819	2.76158940397351	9.27450499274243e-234	1.16956667811474e-233	Prrx1
Lmx1a_456	4801	1273	5.93602789351995	1.57395615672795	3.77140612725844	0	0	Lmx1a
Barhl1_457	3538	1547	4.37443588570581	1.91273383696633	2.28700711053652	8.78625123607997e-182	1.02197974903878e-181	Barhl1
Lhx6_458	5203	1516	6.43306667985509	1.87440497533352	3.4320580474934	0	0	Lhx6
Lhx3_459	4562	2079	5.6405247344799	2.570506559181	2.19432419432419	1.20394115113455e-217	1.49059380616659e-217	Lhx3
Hoxd8_460	3743	1587	4.6279009384389	1.96219043262157	2.35853812224323	8.93836163662323e-204	1.0809181514056e-203	Hoxd8
Meis2_461	9476	3993	11.7162675107259	4.93700466128414	2.37315301778112	0	0	Meis2
Nkx22_462	6339	1960	7.83763399646385	2.42337318710667	3.23418367346939	0	0	Nkx22
Shox2_463	3724	1828	4.60440905550266	2.26016642144438	2.03719912472648	7.62104332625886e-151	8.58216853555775e-151	Shox2
Pitx2_464	8100	2894	10.0149606201857	3.57818469565647	2.79889426399447	0	0	Pitx2
Lhx8_465	5551	1776	6.86333906205566	2.19587284709257	3.12556306306306	0	0	Lhx8
Dmbx1_466	6682	2322	8.26172430420752	2.87095537778657	2.87769164513351	0	0	Dmbx1
Pax7_467	2810	1204	3.47432584478047	1.48864352922267	2.33388704318937	2.0656299969598e-149	2.30557691579857e-149	Pax7
Nkx11_468	3018	1523	3.73150014218771	1.88305987957319	1.98161523309258	2.61102101390203e-114	2.76755704591055e-114	Nkx11
Uncx_469	977	477	1.20797734887919	0.589769903188714	2.0482180293501	1.54430004548473e-40	1.55131959114602e-40	Uncx
Hnf1a_470	5098	1374	6.30324311626009	1.69883406075743	3.71033478893741	0	0	Hnf1a
Lhx5_471	4790	2038	5.92242732971476	2.51981354863438	2.35034347399411	6.37819361597628e-261	8.30386326439327e-261	Lhx5
Pdx1_472	3441	1312	4.25450364124185	1.62217633749181	2.62271341463415	2.64201010786364e-223	3.29878098213483e-223	Pdx1
Cdx2_473	5294	1778	6.54558043497076	2.19834567687533	2.97750281214848	0	0	Cdx2
Cux1_474	5471	1320	6.76442587074519	1.63206765662286	4.14469696969697	0	0	Cux1
Pax4_475	2008	970	2.48272110189295	1.19932244463952	2.07010309278351	5.84056746857172e-84	5.96196494482379e-84	Pax4
Nobox_476	3037	1471	3.75499202512395	1.81876630522138	2.06458191706322	2.37039179335031e-126	2.56164589892625e-126	Nobox
Dlx6_477	3002	1346	3.71171750392562	1.66421444379876	2.23031203566122	1.29780221539951e-146	1.43228109664565e-146	Dlx6
Dlx5_478	3384	1604	4.18402799243314	1.98320948577505	2.10972568578554	8.90987070212081e-148	9.89488153351106e-148	Dlx5
Hoxa1_479	3525	1581	4.35836249211786	1.95477194327328	2.22960151802657	1.7947730805941e-172	2.07125248465429e-172	Hoxa1
Dbx1_480	3445	1564	4.25944930080738	1.93375289011981	2.20268542199489	1.71701964326035e-164	1.96867103066427e-164	Dbx1
Cdx4_481	4886	1757	6.04112315928733	2.17238096415633	2.7808764940239	0	0	Cdx4
Isx_482	2918	1513	3.60785865304962	1.87069573065938	1.92861863846662	1.82735583592958e-103	1.88712915766559e-103	Isx
Irx3_483	4071	1568	5.03344502281186	1.93869854968533	2.59630102040816	4.94863914960316e-261	6.45220797676872e-261	Irx3
Irx5_484	4622	1933	5.71470962796276	2.38998998503938	2.39110191412312	2.52529310089522e-259	3.2732538140636e-259	Irx5
Irx6_485	6241	2399	7.71646533710852	2.9661593244229	2.60150062526053	0	0	Irx6
Pbx4_486	7223	2610	8.93062476044462	3.22704286650428	2.76743295019157	0	0	Pbx4
Pou2f3_487	5248	2183	6.48870534996723	2.69909370788462	2.40403114979386	1.36765050604869e-298	1.91297950529595e-298	Pou2f3
Barx2_488	4401	1768	5.44146193696757	2.18598152796152	2.48925339366516	3.62155941937502e-264	4.73588539456734e-264	Barx2
Isl2_489	4122	2203	5.09650218227228	2.72382200571224	1.87108488424875	5.79198462099611e-136	6.29780369613845e-136	Isl2
Vsx1_490	3432	1435	4.24337590721943	1.77425536913167	2.39163763066202	3.30758493596187e-191	3.90374510465994e-191	Vsx1
Emx1_491	3059	1391	3.78219315273433	1.7198531139109	2.19913731128684	2.47965407055345e-145	2.72299900418541e-145	Emx1
Barhl2_492	4058	1804	5.0173716292239	2.23049246405124	2.24944567627494	1.24403052393282e-202	1.49622174579132e-202	Barhl2
Six4_493	4140	1087	5.11875765031714	1.34398298693109	3.80864765409384	0	0	Six4
Gbx2_494	3561	1730	4.40287342820757	2.13899776208905	2.05838150289017	1.66861262016655e-147	1.85075728510317e-147	Gbx2
Hdx_495	9263	3238	11.4529111388618	4.00351141829152	2.86071649166152	0	0	Hdx
Pbx2_496	7223	2610	8.93062476044462	3.22704286650428	2.76743295019157	0	0	Pbx2
Vax2_497	3577	1701	4.42265606646966	2.103141730239	2.10288065843621	2.85601048473001e-155	3.22853359143392e-155	Vax2
Lbx2_498	3040	1218	3.75870126979809	1.505953337702	2.49589490968801	7.82263761723332e-182	9.11095079530205e-182	Lbx2
Nkx61_499	4409	1691	5.45135325609862	2.09077758132519	2.6073329390893	3.18279029960995e-285	4.33526444507734e-285	Nkx61
Arx_500	3282	1762	4.05791367351228	2.17856303861324	1.86265607264472	1.4920255603541e-106	1.55536626810498e-106	Arx
Pknox2_501	10007	3405	12.3728038180492	4.20999270515214	2.93891336270191	0	0	Pknox2
Gsx2_502	3643	1646	4.50425944930081	2.03513891121305	2.21324422843256	8.58776279126882e-176	9.97579803874065e-176	Gsx2
Hoxc9_503	5044	1818	6.23647671212552	2.24780227253057	2.77447744774477	0	0	Hoxc9
Meox2_504	2579	1201	3.18871400487147	1.48493428454852	2.1473771856786	1.46480708571687e-116	1.55823040165309e-116	Meox2
Alx1_505	4021	1364	4.97162427824281	1.68646991184362	2.94794721407625	8.85652638203926e-310	1.24470100504335e-309	Alx1
Hoxa13_506	5423	2027	6.7050779559589	2.50621298482919	2.67538233843118	0	0	Hoxa13
Hoxa11_507	6480	2417	8.01196849614857	2.98841479246776	2.68100951592884	0	0	Hoxa11
Hoxa9_508	4479	1723	5.53790229849528	2.13034285784938	2.59953569355775	1.56421732598609e-288	2.15049473743655e-288	Hoxa9
Hoxa7_509	4180	1652	5.16821424597238	2.04255740056133	2.53026634382567	2.25130250392438e-257	2.90533053061191e-257	Hoxa7
Hoxa5_510	4403	1949	5.44393476675033	2.40977262330148	2.25910723447922	3.53590348423374e-222	4.40865822293742e-222	Hoxa5
Hoxb4_511	5852	1797	7.23549994436133	2.22183755981157	3.2565386755704	0	0	Hoxb4
Hoxb5_512	4744	1925	5.86555224471124	2.38009866590833	2.46441558441558	1.15439648086414e-280	1.5603768946237e-280	Hoxb5
Pbx3_513	8493	3266	10.5008716724984	4.03813103525019	2.60042865890998	0	0	Pbx3
Hoxb7_514	3743	1587	4.6279009384389	1.96219043262157	2.35853812224323	8.93836163662323e-204	1.0809181514056e-203	Hoxb7
Lmx1b_515	5604	2473	6.92886905129885	3.05765402638509	2.2660735948241	6.22772673029919e-287	8.52215236777784e-287	Lmx1b
Six3_516	3744	1134	4.62913735333028	1.402094486826	3.3015873015873	0	0	Six3
En2_517	3030	1613	3.74633712088428	1.99433721979748	1.87848729076255	1.66049908543099e-100	1.708825601305e-100	En2
Hlx_518	5604	2473	6.92886905129885	3.05765402638509	2.2660735948241	6.22772673029919e-287	8.52215236777784e-287	Hlx
Prrx2_519	3045	1218	3.764883344255	1.505953337702	2.5	1.24017133578092e-182	1.44823178445223e-182	Prrx2
Hmx3_520	4488	1348	5.54903003251771	1.66668727358152	3.32937685459941	0	0	Hmx3
Alx4_521	3724	1364	4.60440905550266	1.68646991184362	2.73020527859238	3.3351007683205e-257	4.29771002798152e-257	Alx4
Tlx3_522	5353	1719	6.61852891356224	2.12539719828386	3.11401977894125	0	0	Tlx3
Hesx1_523	4707	1364	5.81980489373014	1.68646991184362	3.45087976539589	0	0	Hesx1
ENSMUSG00000040953_524	5773	1994	7.13782316794224	2.46541129341362	2.89518555667001	0	0	ENSMUSG00000040953
Meis3_525	9848	4001	12.1762138503196	4.94689598041519	2.46138465383654	0	0	Meis3
Crx_526	6293	2137	7.78075891146033	2.64221862288109	2.94478240524099	0	0	Crx
Obox6_527	5773	1994	7.13782316794224	2.46541129341362	2.89518555667001	0	0	Obox6
Dlx1_528	3076	1135	3.80321220588781	1.40333090171738	2.71013215859031	2.14159020114055e-209	2.61848649766009e-209	Dlx1
Isl1_529	4122	2203	5.09650218227228	2.72382200571224	1.87108488424875	5.79198462099611e-136	6.29780369613845e-136	Isl1
Hoxd1_530	2923	1604	3.61404072750652	1.98320948577505	1.82231920199501	2.28400651587209e-89	2.33958488995472e-89	Hoxd1
Hoxd4_531	4766	1179	5.89275337232162	1.45773315693814	4.04240882103478	0	0	Hoxd4
Hoxd11_532	3542	1863	4.37938154527133	2.30344094264271	1.90123456790123	2.05088170033763e-121	2.20557107432903e-121	Hoxd11
Hoxa6_533	4331	1738	5.3549128945709	2.14888908122009	2.49194476409666	2.59610760622599e-260	3.36998402922728e-260	Hoxa6
Hoxd9_534	6926	2539	8.56340953770447	3.13925740921624	2.72784560850729	0	0	Hoxd9
Emx2_535	2849	1395	3.52254602554433	1.72479877347643	2.04229390681004	1.25311403777939e-115	1.3314336651406e-115	Emx2
Nkx26_536	5832	1892	7.21077164653371	2.33929697449276	3.08245243128964	0	0	Nkx26
Nkx23_537	5803	1534	7.17491561468366	1.89666044337838	3.78292046936115	0	0	Nkx23
Gm4830_538	7465	2626	9.22983716415881	3.24682550476638	2.84272658035034	0	0	Gm4830
Prop1_539	3837	2473	4.74412393822871	3.05765402638509	1.55155681358674	2.10272977955992e-69	2.13166642790249e-69	Prop1
Pou3f3_540	3975	1827	4.91474919323928	2.258930006553	2.17569786535304	1.07951715310742e-185	1.26396445476418e-185	Pou3f3
Dbx2_541	3384	1604	4.18402799243314	1.98320948577505	2.10972568578554	8.90987070212081e-148	9.89488153351106e-148	Dbx2
Tgif1_542	8752	2917	10.8211031293661	3.60662223815824	3.00034281796366	0	0	Tgif1
Msx1_543	4122	1776	5.09650218227228	2.19587284709257	2.32094594594595	1.92645802896184e-218	2.3884837273524e-218	Msx1
Duxbl_544	6465	2601	7.99342227277785	3.21591513248186	2.48558246828143	0	0	Duxbl
Nkx12_545	3085	1344	3.81433993991024	1.661741614016	2.29538690476191	3.04542952858987e-159	3.46481300292592e-159	Nkx12
Hoxb3_546	4106	1832	5.07671954401019	2.2651120810099	2.24126637554585	1.20017409232394e-203	1.44939057051143e-203	Hoxb3
Hoxb13_547	5561	2212	6.87570321096947	2.73494973973467	2.51401446654611	0	0	Hoxb13
Nkx32_548	5677	1708	7.01912733836966	2.11179663447867	3.32377049180328	0	0	Nkx32
Hmx2_549	4327	1711	5.34996723500538	2.11550587915281	2.52893045002922	1.87305178287612e-266	2.46395502390252e-266	Hmx2
Hoxc12_550	4655	1989	5.75551131937833	2.45922921895671	2.3403720462544	2.22292195384123e-251	2.84379595831498e-251	Hoxc12
Hoxd10_551	4420	1794	5.46495381990381	2.21812831513743	2.46376811594203	8.50955867116358e-261	1.10624262725127e-260	Hoxd10
Rhox11_552	5674	2012	7.01541809369552	2.48766676145847	2.82007952286282	0	0	Rhox11
Six1_553	2992	893	3.69935335501181	1.10411849800319	3.3505039193729	2.35198673034689e-268	3.11717581653172e-268	Six1
Pbx1_554	5307	1758	6.56165382855871	2.17361737904771	3.01877133105802	0	0	Pbx1
Pou3f2_555	3790	2235	4.68601243833381	2.76338728223643	1.69574944071588	7.85487762634572e-94	8.05535014117125e-94	Pou3f2
Gsx1_556	4272	1972	5.28196441597943	2.43821016580324	2.16632860040568	3.47890126436458e-198	4.16713918387302e-198	Gsx1
Nkx24_557	6698	2141	8.28150694246961	2.64716428244662	3.12844465203176	0	0	Nkx24
Obox1_558	7730	2723	9.55748711037476	3.36675774923033	2.83878075651855	0	0	Obox1
Bsx_559	3846	1539	4.75525167225114	1.90284251783528	2.4990253411306	1.55850834718815e-231	1.95977436545423e-231	Bsx
Hoxb8_560	4432	1775	5.47979079860038	2.19463643220119	2.4969014084507	1.91126039028213e-267	2.51796450821073e-267	Hoxb8
Pou3f4_561	6376	2290	7.88338134744495	2.83139010126238	2.78427947598253	0	0	Pou3f4
Homez_562	450	118	0.556386701121428	0.145896957182952	3.8135593220339	4.51988676037769e-47	4.55596339358481e-47	Homez
En1_563	3837	2092	4.74412393822871	2.58657995276895	1.83413001912046	8.68507127724567e-120	9.27246740227678e-120	En1
Nkx29_564	6925	2271	8.56217312281309	2.80789821832614	3.04931748128578	0	0	Nkx29
Irx1_565	6324	2280	7.81908777309314	2.81902595234857	2.77368421052632	0	0	Irx1
Tgif2_566	8796	3310	10.8755053845869	4.09253329047095	2.65740181268882	0	0	Tgif2
Nkx63_567	5004	1720	6.18702011647028	2.12663361317524	2.9093023255814	0	0	Nkx63
Rhox8_568	3436	1144	4.24832156678495	1.41445863573981	3.0034965034965	2.40150096482907e-270	3.19717899534472e-270	Rhox8
Obox3_569	8124	2897	10.0446345775789	3.58189394033062	2.80428028995513	0	0	Obox3
Hmx1_570	4159	1562	5.14224953325338	1.93128006033705	2.66261203585147	1.95219424371725e-277	2.62669666886765e-277	Hmx1
Gbx1_571	2875	1709	3.55469281272024	2.11303304937005	1.68227033352838	3.01394405583193e-69	3.05192044141515e-69	Gbx1
Rhox9_572	2985	1561	3.69069845077214	1.93004364544567	1.91223574631646	1.26894623594791e-103	1.31352280161353e-103	Rhox9
Noto_573	2403	1165	2.97110498398843	1.44042334845881	2.06266094420601	1.23432333850583e-99	1.26876957120832e-99	Noto
Tlx2_574	5114	1437	6.32302575452219	1.77672819891443	3.55880306193459	0	0	Tlx2
Gm10391_575	6465	2601	7.99342227277785	3.21591513248186	2.48558246828143	0	0	Gm10391
Gm10394_576	6465	2601	7.99342227277785	3.21591513248186	2.48558246828143	0	0	Gm10394
Cphx_577	6940	2836	8.58071934618381	3.50647263195638	2.44710860366714	0	0	Cphx
Obox5_578	5879	2770	7.26888314642862	3.42486924912524	2.12238267148014	2.15194744496162e-264	2.81825413532751e-264	Obox5
AC1890281_579	7693	2770	9.51173975939366	3.42486924912524	2.77725631768953	0	0	AC1890281
Gm5889_580	8124	2897	10.0446345775789	3.58189394033062	2.80428028995513	0	0	Gm5889
Hoxc4_581	5753	1797	7.11309487011462	2.22183755981157	3.2014468558709	0	0	Hoxc4
Hoxb2_582	4088	1802	5.05446407596533	2.22801963426848	2.26859045504994	1.61431596626703e-207	1.97107087593931e-207	Hoxb2
Hoxd3_583	3940	1587	4.87147467204095	1.96219043262157	2.48267170762445	9.48034733802592e-235	1.19723243525927e-234	Hoxd3
Hoxa3_584	5487	2149	6.78420850900728	2.65705560157767	2.55328059562587	0	0	Hoxa3
NP_585	5203	1516	6.43306667985509	1.87440497533352	3.4320580474934	0	0	NP
NP_586	2646	1227	3.271553802594	1.51708107172443	2.15647921760391	1.18119023666404e-120	1.26873896623452e-120	NP
NP_587	3586	1175	4.43378380049209	1.45278749737262	3.05191489361702	2.81673508235904e-288	3.86645001988415e-288	NP
NP_588	3045	980	3.764883344255	1.21168659355333	3.10714285714286	1.19122107691148e-249	1.51734788471146e-249	NP
NP_589	4839	1710	5.98301165939243	2.11426946426143	2.82982456140351	0	0	NP
NP_590	4488	1348	5.54903003251771	1.66668727358152	3.32937685459941	0	0	NP
NP_591	6907	2661	8.53991765476823	3.29010002596471	2.5956407365652	0	0	NP
NP_592	4432	1775	5.47979079860038	2.19463643220119	2.4969014084507	1.91126039028213e-267	2.51796450821073e-267	NP
NP_593	3245	1205	4.01216632253119	1.48987994411405	2.69294605809129	5.27875693291951e-219	6.56318020914325e-219	NP
NP_594	5044	1818	6.23647671212552	2.24780227253057	2.77447744774477	0	0	NP
NP_595	5629	2114	6.95977942358338	2.61378108037933	2.66272469252602	0	0	NP
NP_596	5235	1766	6.47263195637928	2.18350869817876	2.9643261608154	0	0	NP
NP_597	3485	1149	4.30890589646262	1.42064071019671	3.03307223672759	8.85831664398038e-278	1.19371218190223e-277	NP
NP_598	4165	1720	5.14966802260166	2.12663361317524	2.42151162790698	3.55394346339574e-238	4.49454366472365e-238	NP
NP_599	5196	1999	6.42441177561543	2.47159336787052	2.59929964982491	0	0	NP
NP_600	6295	2004	7.78323174124309	2.47777544232743	3.14121756487026	0	0	NP
NP_601	10502	3431	12.9848291892828	4.24213949232804	3.06091518507724	0	0	NP
NP_602	6771	2534	8.37176522954042	3.13307533475933	2.67205998421468	0	0	NP
NP_603	2005	801	2.47901185721881	0.990368327996142	2.50312109862672	3.6060349570772e-120	3.86861031802942e-120	NP
NP_604	6316	1949	7.80919645396209	2.40977262330148	3.24063622370446	0	0	NP
NP_605	4655	1989	5.75551131937833	2.45922921895671	2.3403720462544	2.22292195384123e-251	2.84379595831498e-251	NP
NP_606	4409	1691	5.45135325609862	2.09077758132519	2.6073329390893	3.18279029960995e-285	4.33526444507734e-285	NP
NP_607	9171	3302	11.3391609688547	4.0826419713399	2.77740763173834	0	0	NP
NP_608	5879	2770	7.26888314642862	3.42486924912524	2.12238267148014	2.15194744496162e-264	2.81825413532751e-264	NP
Q8VHG7_609	7693	2770	9.51173975939366	3.42486924912524	2.77725631768953	0	0	Q8VHG7
Nkx11_610	3018	1523	3.73150014218771	1.88305987957319	1.98161523309258	2.61102101390203e-114	2.76755704591055e-114	Nkx11
Dobox4_611	5646	1713	6.98079847673685	2.11797870893557	3.29597197898424	0	0	Dobox4
Pax2_612	1740	696	2.15136191100286	0.860544764401142	2.5	4.10212480020383e-104	4.25619521523496e-104	Pax2
Pax3_613	1704	451	2.10685097491314	0.557623116012809	3.77827050997783	5.2946856730717e-173	6.11830344443841e-173	Pax3
Pax6_614	3048	1449	3.76859258892914	1.791565177611	2.10351966873706	4.45569750009935e-132	4.8329283313961e-132	Pax6
Pou1f1_615	6199	2061	7.66453591167052	2.54825109113614	3.00776322173702	0	0	Pou1f1
Pou2f2_616	4783	1430	5.91377242547509	1.76807329467476	3.34475524475524	0	0	Pou2f2
Pou6f2_617	5011	2235	6.19567502070995	2.76338728223643	2.2420581655481	3.03743045848398e-250	3.88018573020208e-250	Pou6f2
Pou5f1_618	10716	5122	13.2494219760383	6.33291707365324	2.09215150331902	0	0	Pou5f1
Pou2f1_619	5341	1676	6.60369193486566	2.07223135795448	3.18675417661098	0	0	Pou2f1
Pou3f1_620	4862	1792	6.01144920189419	2.21565548535467	2.71316964285714	0	0	Pou3f1
Pit1_621	6337	2392	7.83516116668109	2.95750442018324	2.6492474916388	0	0	Pit1
Pit1_622	5913	2493	7.31092125273557	3.08238232421271	2.37184115523466	0	0	Pit1
Pit1_623	7438	3737	9.19645396209152	4.62048244909062	1.99036660422799	1.55946684266372e-293	2.15738448969441e-293	Pit1
Pit1_624	6951	2760	8.59431990998899	3.41250510021143	2.51847826086956	0	0	Pit1
Hsf2_625	3463	1176	4.28170476885224	1.454023912264	2.94472789115646	1.66636520201151e-265	2.18880659521274e-265	Hsf2
Hsf1_626	12287	3745	15.1918297703978	4.63037376822166	3.28090787716956	0	0	Hsf1
Hsf4_627	7466	2125	9.23107357905019	2.62738164418452	3.51341176470588	0	0	Hsf4
Hsfy2_628	1300	405	1.60733935879524	0.500748031009285	3.20987654320988	1.31616691196483e-110	1.38346200972285e-110	Hsfy2
Irf9_629	2684	759	3.31853756846647	0.938438902558142	3.53623188405797	3.53927301010196e-255	4.54095405069686e-255	Irf9
Irf3_630	9576	2908	11.839908999864	3.59549450413581	3.292984869326	0	0	Irf3
Irf1_631	27158	9918	33.5785556201239	12.2627628927163	2.73825368017746	0	0	Irf1
Irf4_632	2389	737	2.95379517550909	0.911237774947761	3.2415196743555	1.21269685067877e-205	1.47661710192843e-205	Irf4
Irf7_633	11788	3892	14.5748587395987	4.81212675725466	3.02877697841727	0	0	Irf7
Irf6_634	1480	437	1.82989403924381	0.540313307533476	3.38672768878719	7.00050419362617e-134	7.60251315376602e-134	Irf6
Irf5_635	1761	508	2.17732662372186	0.628098764821523	3.46653543307087	2.01196181898101e-163	2.30087224835603e-163	Irf5
Irf2_636	6365	2010	7.86978078363976	2.48519393167571	3.16666666666667	0	0	Irf2
Naif1_637	1007	170	1.24506979562062	0.210190531534762	5.92352941176471	2.61431866823815e-146	2.87802951771174e-146	Naif1
Mef2c_638	12100	4347	14.9606201857095	5.374695532833	2.78352887048539	0	0	Mef2c
Srf_639	2293	741	2.83509934593652	0.916183434513285	3.0944669365722	1.85887937021715e-186	2.17937581335804e-186	Srf
Mef2a_640	9469	3295	11.7076126064862	4.07398706710024	2.87374810318665	0	0	Mef2a
Mbd2_641	6085	1348	7.52358461405309	1.66668727358152	4.51409495548961	0	0	Mbd2
Mecp2_642	6628	2240	8.19495790007295	2.76956935669333	2.95892857142857	0	0	Mecp2
Mybl2_643	973	241	1.20303168931367	0.297975988822809	4.03734439834025	1.40535736861542e-105	1.46157166336003e-105	Mybl2
Myb_644	1001	250	1.23765130627233	0.309103722845238	4.004	9.39264379189956e-108	9.81453559342696e-108	Myb
Cdc5l_645	4859	1631	6.00773995722005	2.01659268784233	2.97915389331698	0	0	Cdc5l
Smarcc2_646	10541	3148	13.0330493700466	3.89223407806724	3.34847522236341	0	0	Smarcc2
Mybl1_647	1120	217	1.38478467834667	0.268302031429667	5.16129032258065	3.06055243851257e-148	3.41176337407958e-148	Mybl1
Terf2_648	5381	1440	6.6531485305209	1.78043744358857	3.73680555555555	0	0	Terf2
Mypop_649	1333	304	1.64814105021081	0.375870126979809	4.38486842105263	3.16363586769854e-155	3.5717166118078e-155	Mypop
Prdm11_650	1314	330	1.62464916727457	0.408016914155714	3.98181818181818	2.03305635272252e-140	2.22153500099717e-140	Prdm11
Gm239_651	890	1237	1.10040925332905	1.52944522063824	0.719482619240097	0.999999999999987	0.999999999999987	Gm239
Gm98_652	3259	1359	4.02947613101052	1.68028783738671	2.3980868285504	2.87612803832124e-182	3.35421792331923e-182	Gm98
Pparg_653	7425	2269	9.18038056850357	2.80542538854338	3.27236668135743	0	0	Pparg
Rarg_654	9343	3369	11.5518243301722	4.16548176906243	2.77322647669932	0	0	Rarg
Nr1h3_655	10316	2969	12.7548560194859	3.67091581251005	3.47457056247895	0	0	Nr1h3
Ppard_656	13350	4281	16.5061387999357	5.29309215000185	3.11843027330063	0	0	Ppard
Nr2f6_657	9648	3452	11.9289308720434	4.26810420504705	2.79490150637312	0	0	Nr2f6
Nr1i3_658	9989	2992	12.3505483500043	3.69935335501181	3.33856951871658	0	0	Nr1i3
Nr2c2_659	7028	1862	8.68952385662533	2.30220452775133	3.77443609022556	0	0	Nr2c2
Nr2c1_660	9438	3295	11.6692837448534	4.07398706710024	2.86433990895296	0	0	Nr2c1
Rxrg_661	7173	2251	8.86880401587557	2.78316992049852	3.18658374055975	0	0	Rxrg
Rxra_662	8206	2817	10.1460205986721	3.48298074902014	2.91302804401846	0	0	Rxra
Rarb_663	10171	3384	12.5755758602357	4.18402799243314	3.0056146572104	0	0	Rarb
Hnf4g_664	16637	4917	20.5702345479049	6.07945202092014	3.38356721578198	0	0	Hnf4g
Hnf4a_665	6918	2536	8.55351821857342	3.13554816454209	2.72791798107256	0	0	Hnf4a
Esr1_666	7519	2515	9.29660356829338	3.10958345182309	2.989662027833	0	0	Esr1
Nr2e1_667	10340	2787	12.784529976879	3.44588830227871	3.71008252601363	0	0	Nr2e1
Esr2_668	11556	3942	14.2880104847983	4.87394750182371	2.93150684931507	0	0	Esr2
Esrrb_669	10923	3729	13.5053598585541	4.61059112995957	2.92920353982301	0	0	Esrrb
Ppara_670	10088	2928	12.472953424251	3.62022280196343	3.44535519125683	0	0	Ppara
Vdr_671	6154	1817	7.60889724155838	2.24656585763919	3.38690148596588	0	0	Vdr
Nr1i2_672	9694	2866	11.9858059570469	3.54356507869781	3.38241451500349	0	0	Nr1i2
Nr3c1_673	11953	3681	14.7788671966765	4.55124321517328	3.24721543058951	0	0	Nr3c1
Esrra_674	8988	3112	11.112897043732	3.84772314197752	2.88817480719794	0	0	Esrra
Nr5a2_675	7831	2994	9.68236501440423	3.70182618479457	2.61556446225785	0	0	Nr5a2
Esrrg_676	10566	4003	13.0639597423311	4.94936881019795	2.6395203597302	0	0	Esrrg
Nr4a2_677	7418	2728	9.1717256642639	3.37293982368724	2.7192082111437	0	0	Nr4a2
Rorc_678	7697	2413	9.51668541895919	2.98346913290224	3.18980522171571	0	0	Rorc
Nr4a3_679	13329	4393	16.4801740872167	5.43157061783652	3.0341452310494	0	0	Nr4a3
Nr2f2_680	7935	2326	9.81095216310785	2.87590103735209	3.41143594153053	0	0	Nr2f2
Nr3c2_681	5986	1779	7.40117953980638	2.19958209176671	3.36481169196178	0	0	Nr3c2
Rora_682	5110	1732	6.31808009495666	2.14147059187181	2.95034642032333	0	0	Rora
Nr2e3_683	8353	2690	10.3277735877051	3.32595605781476	3.10520446096654	0	0	Nr2e3
Rorb_684	5257	1750	6.49983308398966	2.16372605991667	3.004	0	0	Rorb
Rara_685	8975	3218	11.096823650144	3.9787831204639	2.78899937849596	0	0	Rara
Rxrb_686	8610	2608	10.64553221479	3.22457003672152	3.30138036809816	0	0	Rxrb
Ar_687	8883	3025	10.983073480137	3.74015504642738	2.93652892561983	0	0	Ar
Nr1h2_688	10316	2969	12.7548560194859	3.67091581251005	3.47457056247895	0	0	Nr1h2
Nr6a1_689	11064	3449	13.6796943582388	4.2643949603729	3.20788634386779	0	0	Nr6a1
Nr2f1_690	7935	2511	9.81095216310785	3.10463779225757	3.16009557945042	0	0	Nr2f1
Trp73_691	4203	1312	5.19665178847414	1.62217633749181	3.20350609756098	0	0	Trp73
Trp53_692	8196	2524	10.1336564497583	3.12071118584552	3.24722662440571	0	0	Trp53
Pax9_693	2974	1038	3.67709788696695	1.28339865725343	2.86512524084778	4.04624084680721e-219	5.03785480081348e-219	Pax9
Pax5_694	7239	2221	8.95040739870671	2.74607747375709	3.25934263845115	0	0	Pax5
Lcor_695	5727	1807	7.08094808293871	2.23420170872538	3.16934144991699	0	0	Lcor
Nfat5_696	9437	3486	11.668047329962	4.310142311354	2.70711417096959	0	0	Nfat5
Rel_697	7071	2345	8.74268969695471	2.89939292028833	3.01535181236674	0	0	Rel
Rela_698	10807	3786	13.3619357311539	4.68106677876828	2.85446381405177	0	0	Rela
Nfkb2_699	3832	1333	4.73794186377181	1.64814105021081	2.87471867966992	5.3895743438775e-285	7.32982110767339e-285	Nfkb2
Nfatc2_700	9220	3428	11.3997452985324	4.2384302476539	2.68961493582264	0	0	Nfatc2
Nfkb1_701	9036	3212	11.1722449585183	3.97136463111562	2.81320049813201	0	0	Nfkb1
Nfatc3_702	7908	2877	9.77756896104057	3.557165642503	2.74869655891554	0	0	Nfatc3
Nfatc1_703	7611	2798	9.41035373830042	3.4594888660839	2.72015725518227	0	0	Nfatc1
Rfx5_704	12427	4927	15.3649278551911	6.09181616983395	2.5222244773696	0	0	Rfx5
Rfx6_705	9162	3897	11.3280332348323	4.81830883171157	2.35103926096998	0	0	Rfx6
Rfx4_706	8208	3854	10.1484934284549	4.76514299138219	2.12973533990659	0	0	Rfx4
Rfx2_707	4709	2248	5.8222777235129	2.77946067582438	2.09475088967972	3.95695759864608e-204	4.79828603182872e-204	Rfx2
Rfx1_708	8916	4478	11.0238751715526	5.5366658836039	1.9910674408218	0	0	Rfx1
Rfx7_709	7811	3479	9.65763671657662	4.30148740711433	2.2451853981029	0	0	Rfx7
Rfx3_710	5398	2671	6.67416758367438	3.30246417487852	2.02096593036316	4.34794825922811e-217	5.37564512050021e-217	Rfx3
Rfx8_711	4709	2248	5.8222777235129	2.77946067582438	2.09475088967972	3.95695759864608e-204	4.79828603182872e-204	Rfx8
Runx1_712	16368	5376	20.2376389421234	6.646966456064	3.04464285714286	0	0	Runx1
Runx2_713	18259	5883	22.5756995017248	7.27382880599414	3.10368859425463	0	0	Runx2
Sp100_714	1235	342	1.52697239085548	0.422853892852286	3.61111111111111	7.19799030843444e-120	7.71275567594672e-120	Sp100
Gmeb1_715	1248	286	1.54304578444343	0.353614658934952	4.36363636363636	9.03813912732619e-145	9.91279775255131e-145	Gmeb1
Gmeb2_716	1035	255	1.27968941257929	0.315285797302143	4.05882352941176	8.82882627459077e-113	9.31346351639408e-113	Gmeb2
Sp140_717	1024	227	1.26608884877409	0.280666180343476	4.51101321585903	2.69895040975976e-122	2.90960019783857e-122	Sp140
Sp110_718	11177	4371	13.8194092409649	5.40436949022614	2.55708075955159	0	0	Sp110
AC1689771_719	11177	4371	13.8194092409649	5.40436949022614	2.55708075955159	0	0	AC1689771
IRC900814_720	1024	227	1.26608884877409	0.280666180343476	4.51101321585903	2.69895040975976e-122	2.90960019783857e-122	IRC900814
IRC900814_721	604	132	0.746794594394095	0.163206765662286	4.57575757575758	1.55459648143112e-73	1.57779941398979e-73	IRC900814
Nfix_722	6966	2948	8.61286613335971	3.64495109979105	2.3629579375848	0	0	Nfix
Smad3_723	10609	3681	13.1171255826605	4.55124321517328	2.88209725618039	0	0	Smad3
Nfic_724	26317	10776	32.5387306964725	13.3236068695211	2.44218634001485	0	0	Nfic
Sox9_725	10433	2998	12.8995165617775	3.70677184436009	3.47998665777185	0	0	Sox9
Tcf7_726	12292	3509	15.1980118448547	4.33857985385576	3.50299230550014	0	0	Tcf7
Hbp1_727	7802	2625	9.64650898255419	3.245589089875	2.97219047619048	0	0	Hbp1
Cic_728	9625	3738	11.9004933295417	4.621718863982	2.5749063670412	0	0	Cic
Hmg20b_729	6506	2427	8.04411528332447	3.00077894138157	2.68067573135558	0	0	Hmg20b
Bbx_730	1911	661	2.362788857429	0.817270243202809	2.8910741301059	4.29702342342066e-142	4.70119889394043e-142	Bbx
Sox8_731	12609	3633	15.5899553654224	4.491895300387	3.47068538398018	0	0	Sox8
Tcf7l2_732	12261	3296	15.1596829832219	4.07522348199162	3.71996359223301	0	0	Tcf7l2
Sox17_733	5928	1935	7.32946747610628	2.39246281482214	3.06356589147287	0	0	Sox17
Lef1_734	13113	3282	16.2131084706784	4.05791367351228	3.99542961608775	0	0	Lef1
Sox10_735	10959	2812	13.5498707946439	3.47679867456324	3.89722617354196	0	0	Sox10
Sox30_736	11376	3543	14.0654558043497	4.38061796016271	3.2108382726503	0	0	Sox30
Sox15_737	12521	3095	15.4811508549809	3.82670408882405	4.04555735056543	0	0	Sox15
Sox5_738	14939	3641	18.47080206234	4.50178661951804	4.10299368305411	0	0	Sox5
Sox3_739	11071	2008	13.6883492624785	2.48272110189295	5.51344621513944	0	0	Sox3
Sox18_740	11694	2239	14.4586357398088	2.76833294180195	5.2228673514962	0	0	Sox18
Sox12_741	15321	3567	18.9431125508476	4.41029191755586	4.29520605550883	0	0	Sox12
Sox6_742	10336	2989	12.7795843173135	3.69564411033766	3.45801271328203	0	0	Sox6
Sox14_743	11345	3379	14.0271269427169	4.17784591797624	3.3575022195916	0	0	Sox14
Tcf7l1_744	8060	2272	9.96550402453047	2.80913463321752	3.54753521126761	0	0	Tcf7l1
Sox21_745	12232	3624	15.1238269513718	4.48076756636457	3.37527593818985	0	0	Sox21
Sox7_746	12609	2239	15.5899553654224	2.76833294180195	5.63153193389906	0	0	Sox7
Sox11_747	12430	3274	15.3686370998652	4.04802235438124	3.79657910812462	0	0	Sox11
Sry_748	12156	3602	15.0298594196269	4.45356643875419	3.37479178234314	0	0	Sry
Sox13_749	7980	3391	9.86659083322	4.19268289667281	2.35328811560012	0	0	Sox13
Sox2_750	16106	5772	19.9136982405816	7.13658675305085	2.79036729036729	0	0	Sox2
Sox4_751	24515	7808	30.310711062204	9.65392747190247	3.13972848360656	0	0	Sox4
ENSMUSG00000079994_752	7919	2661	9.79116952484576	3.29010002596471	2.97594889139421	0	0	ENSMUSG00000079994
Stat6_753	11098	3775	13.7217324645458	4.66746621496309	2.93986754966887	0	0	Stat6
Stat3_754	12558	4886	15.526898205962	6.04112315928733	2.5702005730659	0	0	Stat3
Stat5a_755	7560	2566	9.34729657884	3.17264061128352	2.94621979734996	0	0	Stat5a
Stat5b_756	7647	2608	9.45486467439014	3.22457003672152	2.93213190184049	0	0	Stat5b
Stat1_757	12014	4089	14.8542885050508	5.05570049085671	2.93812668134018	0	0	Stat1
Stat2_758	17890	5818	22.1194624068052	7.19346183805438	3.07493984187006	0	0	Stat2
Stat4_759	13799	5021	17.0612890861658	6.20803916962376	2.74825731925911	0	0	Stat4
Tbx2_760	6685	2129	8.26543354888166	2.63232730375005	3.13997181775481	0	0	Tbx2
Tbx4_761	6694	2183	8.27656128290409	2.69909370788462	3.06642235455795	0	0	Tbx4
Tbx21_762	3420	1176	4.22853892852285	1.454023912264	2.90816326530612	8.93914307843351e-258	1.15529276042913e-257	Tbx21
Tbx1_763	7729	2611	9.55625069548338	3.22827928139567	2.96016851780927	0	0	Tbx1
Tbx5_764	9137	3090	11.2971228625478	3.82052201436714	2.95695792880259	0	0	Tbx5
Tbx3_765	6411	1988	7.92665586864328	2.45799280406533	3.2248490945674	0	0	Tbx3
Tbx19_766	3369	1070	4.16548176906243	1.32296393377762	3.14859813084112	2.82839176677091e-281	3.82894076849232e-281	Tbx19
Tbx20_767	6475	2163	8.00578642169166	2.674365410057	2.99352750809061	0	0	Tbx20
Eomes_768	6891	2359	8.52013501650614	2.91670272876767	2.92115303094532	0	0	Eomes
Tbr1_769	5255	1902	6.4973602542069	2.35166112340657	2.76288117770768	0	0	Tbr1
Tbx10_770	7729	2611	9.55625069548338	3.22827928139567	2.96016851780927	0	0	Tbx10
T_771	5674	1771	7.01541809369552	2.18969077263567	3.20383963862225	0	0	T
Tbp_772	7124	3167	8.8082196861979	3.91572596100347	2.24944742658667	0	0	Tbp
Tbpl2_773	7124	3167	8.8082196861979	3.91572596100347	2.24944742658667	0	0	Tbpl2
Prkrir_774	4132	1333	5.10886633118609	1.64814105021081	3.09977494373593	0	0	Prkrir
Spz1_775	7684	2810	9.50061202537123	3.47432584478047	2.73451957295374	0	0	Spz1
Hmga1_776	2456	1134	3.03663497323162	1.402094486826	2.1657848324515	6.06915322153215e-113	6.40995394006502e-113	Hmga1
Hmga1rs1_777	2456	1134	3.03663497323162	1.402094486826	2.1657848324515	6.06915322153215e-113	6.40995394006502e-113	Hmga1rs1
Myf5_778	12132	5292	15.0001854622337	6.543107605188	2.29251700680272	0	0	Myf5
Mlxipl_779	2737	752	3.38406755770967	0.929783998318476	3.63962765957447	2.52601739517152e-268	3.3428134391192e-268	Mlxipl
Ascl1_780	11643	5237	14.3955785803484	6.47510478616204	2.22321940042009	0	0	Ascl1
Tal2_781	4815	1810	5.95333770199928	2.23791095339952	2.66022099447514	0	0	Tal2
Tal1_782	9506	4154	11.7533599574673	5.13606745879647	2.28839672604718	0	0	Tal1
Lyl1_783	9506	4154	11.7533599574673	5.13606745879647	2.28839672604718	0	0	Lyl1
Neurod1_784	2491	990	3.07990949442995	1.22405074246714	2.51616161616162	1.10710820578764e-150	1.24041020775194e-150	Neurod1
Twist1_785	4366	1518	5.39818741576924	1.87687780511628	2.87615283267457	0	0	Twist1
Neurod6_786	2491	990	3.07990949442995	1.22405074246714	2.51616161616162	1.10710820578764e-150	1.24041020775194e-150	Neurod6
Neurod4_787	2491	990	3.07990949442995	1.22405074246714	2.51616161616162	1.10710820578764e-150	1.24041020775194e-150	Neurod4
Ddit3_788	4558	1482	5.63557907491438	1.83236686902657	3.07557354925776	0	0	Ddit3
Batf3_789	7935	2912	9.81095216310785	3.60044016370133	2.72493131868132	0	0	Batf3
Batf_790	7935	2912	9.81095216310785	3.60044016370133	2.72493131868132	0	0	Batf
Atf5_791	4019	1402	4.96915144846005	1.73345367771609	2.86661911554922	4.31837555873876e-298	6.0307172099922e-298	Atf5
Mafa_792	7715	2701	9.53894088700404	3.33955662161995	2.85634950018512	0	0	Mafa
Maf_793	7715	2701	9.53894088700404	3.33955662161995	2.85634950018512	0	0	Maf
Klf6_794	18534	6576	22.9157135968546	8.13066432572114	2.81843065693431	0	0	Klf6
Bcl11a_795	21527	7652	26.6163033667577	9.46104674884704	2.81325143753267	0	0	Bcl11a
Ikzf4_796	6951	2315	8.59431990998899	2.8623004735469	3.00259179265659	0	0	Ikzf4
Hivep2_797	9751	3799	12.0562816058557	4.69714017235624	2.56672808633851	0	0	Hivep2
Klf11_798	13201	4321	16.3219129811199	5.34254874565709	3.05507984262902	0	0	Klf11
Snai2_799	15495	5002	19.1582487419478	6.18454728668752	3.09776089564174	0	0	Snai2
Zfp148_800	33998	13675	42.0356334771696	16.9079736396345	2.48614259597806	0	0	Zfp148
Gli1_801	9288	3307	11.4838215111463	4.08882404579681	2.80858784396734	0	0	Gli1
Sp3_802	16506	5052	20.408264197134	6.24636803125657	3.26722090261283	0	0	Sp3
Hivep3_803	9751	3799	12.0562816058557	4.69714017235624	2.56672808633851	0	0	Hivep3
Klf3_804	18534	6576	22.9157135968546	8.13066432572114	2.81843065693431	0	0	Klf3
Rest_805	13070	4209	16.159942630349	5.20407027782243	3.10525065336184	0	0	Rest
Klf15_806	25859	9654	31.97245267622	11.9363493613917	2.67857882742904	0	0	Klf15
Maz_807	37775	15788	46.7055725219155	19.5205183051225	2.39263997973144	0	0	Maz
Zbtb7a_808	3691	952	4.56360736408709	1.17706697659467	3.87710084033613	0	0	Zbtb7a
Ovol2_809	974	232	1.20426810420505	0.286848254800381	4.19827586206897	1.78227231380553e-109	1.86453103598117e-109	Ovol2
Klf10_810	8202	2953	10.1410749391066	3.65113317424795	2.77751439214358	0	0	Klf10
Zfp384_811	6926	2263	8.56340953770447	2.79800689919509	3.06053910737959	0	0	Zfp384
Zbtb7c_812	3691	952	4.56360736408709	1.17706697659467	3.87710084033613	0	0	Zbtb7c
Mbtps2_813	9132	4021	11.2909407880909	4.97162427824281	2.27107684655558	0	0	Mbtps2
Bcl11b_814	21527	7652	26.6163033667577	9.46104674884704	2.81325143753267	0	0	Bcl11b
Gli2_815	9288	3307	11.4838215111463	4.08882404579681	2.80858784396734	0	0	Gli2
Zfp219_816	17931	6446	22.1701554173518	7.96993038984161	2.78172510083773	0	0	Zfp219
Klf13_817	13201	4321	16.3219129811199	5.34254874565709	3.05507984262902	0	0	Klf13
Glis3_818	11542	4236	14.2707006763189	5.23745347988971	2.7247403210576	0	0	Glis3
Klf2_819	18534	6576	22.9157135968546	8.13066432572114	2.81843065693431	0	0	Klf2
Ctcfl_820	19751	5969	24.4204305196652	7.3801604866529	3.30892946892277	0	0	Ctcfl
Ybx2_821	8369	2043	10.3475562259672	2.52599562309128	4.09642682329907	0	0	Ybx2
Ybx1_822	8369	2043	10.3475562259672	2.52599562309128	4.09642682329907	0	0	Ybx1
Csda_823	8369	2043	10.3475562259672	2.52599562309128	4.09642682329907	0	0	Csda
Rbpj_824	7951	2593	9.83073480136995	3.20602381335081	3.06633243347474	0	0	Rbpj
Rbpsuhrs3_825	7951	2593	9.83073480136995	3.20602381335081	3.06633243347474	0	0	Rbpsuhrs3
Onecut1_826	5754	2076	7.114331285006	2.56679731450686	2.77167630057803	0	0	Onecut1
Onecut2_827	5754	2076	7.114331285006	2.56679731450686	2.77167630057803	0	0	Onecut2
Ets2_828	4731	1054	5.84947885112328	1.30318129551552	4.48861480075901	0	0	Ets2
Foxn3_829	10257	3719	12.6819075408944	4.59822698104576	2.75799946222103	0	0	Foxn3
Foxn2_830	11037	3897	13.6463111561716	4.81830883171157	2.83217859892225	0	0	Foxn2
Foxa3_831	10337	4034	12.7808207322049	4.98769767183076	2.56246901338622	0	0	Foxa3
Foxl2_832	11037	3897	13.6463111561716	4.81830883171157	2.83217859892225	0	0	Foxl2
Foxd4_833	10943	4044	13.5300881563818	5.00006182074457	2.70598417408506	0	0	Foxd4
ENSMUSG00000090020_834	11037	3897	13.6463111561716	4.81830883171157	2.83217859892225	0	0	ENSMUSG00000090020
Gcm2_835	1425	374	1.76189122021786	0.462419169376476	3.81016042780749	6.39356336056456e-146	7.0297388193272e-146	Gcm2
Ubp1_836	11266	3694	13.9294501662978	4.56731660876124	3.04981050351922	0	0	Ubp1
Six5_837	2793	948	3.453306791627	1.17212131702914	2.94620253164557	1.51777182105666e-213	1.86607828903211e-213	Six5
Nkx62_838	5652	1564	6.98821696608514	1.93375289011981	3.61381074168798	0	0	Nkx62
Prrxl1_839	3045	1218	3.764883344255	1.505953337702	2.5	1.24017133578092e-182	1.44823178445223e-182	Prrxl1
Pou4f2_840	7112	2607	8.79338270750133	3.22333362183014	2.72803989259685	0	0	Pou4f2
Pou4f1_841	7112	2607	8.79338270750133	3.22333362183014	2.72803989259685	0	0	Pou4f1
Mef2d_842	8057	2889	9.96179477985633	3.57200262119957	2.78885427483558	0	0	Mef2d
Smarcc1_843	10470	4948	12.9452639127586	6.11778088255295	2.1160064672595	0	0	Smarcc1
Nr1d1_844	6193	1920	7.65711742232224	2.37391659145143	3.22552083333333	0	0	Nr1d1
Nr1d2_845	6193	1920	7.65711742232224	2.37391659145143	3.22552083333333	0	0	Nr1d2
Thrb_846	4430	1350	5.47731796881762	1.66916010336428	3.28148148148148	0	0	Thrb
Nr4a1_847	12126	4435	14.9927669728854	5.48350004327452	2.73416009019166	0	0	Nr4a1
Nr5a1_848	7831	2994	9.68236501440423	3.70182618479457	2.61556446225785	0	0	Nr5a1
Pgr_849	4655	1380	5.75551131937833	1.70625255010571	3.3731884057971	0	0	Pgr
Nr1h4_850	7337	2754	9.07157605806204	3.40508661086314	2.66412490922295	0	0	Nr1h4
Nr1h5_851	7337	2754	9.07157605806204	3.40508661086314	2.66412490922295	0	0	Nr1h5
Thra_852	4430	1350	5.47731796881762	1.66916010336428	3.28148148148148	0	0	Thra
Trp63_853	9956	3442	12.3097466585888	4.25574005613324	2.89250435793143	0	0	Trp63
Pax8_854	5777	1747	7.14276882750776	2.16001681524252	3.30681167716085	0	0	Pax8
Pax1_855	5777	1747	7.14276882750776	2.16001681524252	3.30681167716085	0	0	Pax1
Relb_856	8677	3040	10.7283720125125	3.75870126979809	2.85427631578947	0	0	Relb
Nfatc4_857	7908	2877	9.77756896104057	3.557165642503	2.74869655891554	0	0	Nfatc4
Runx3_858	16368	5376	20.2376389421234	6.646966456064	3.04464285714286	0	0	Runx3
Nfib_859	5936	1992	7.33935879523733	2.46293846363086	2.97991967871486	0	0	Nfib
Smad4_860	3070	727	3.79579371653952	0.898873626033952	4.22283356258597	0	0	Smad4
Smad2_861	10609	3681	13.1171255826605	4.55124321517328	2.88209725618039	0	0	Smad2
Nfia_862	5936	1992	7.33935879523733	2.46293846363086	2.97991967871486	0	0	Nfia
Smad1_863	7069	1075	8.74021686717195	1.32914600823452	6.57581395348837	0	0	Smad1
Tbx15_864	5758	1753	7.11927694457152	2.16743530459081	3.28465487735311	0	0	Tbx15
Tbx22_865	5758	1753	7.11927694457152	2.16743530459081	3.28465487735311	0	0	Tbx22
Tbx18_866	5758	1753	7.11927694457152	2.16743530459081	3.28465487735311	0	0	Tbx18
Tead3_867	8349	2898	10.3228279281396	3.583130355222	2.88095238095238	0	0	Tead3
Tead4_868	10374	3978	12.826568083186	4.91845843791343	2.6078431372549	0	0	Tead4
Hif3a_869	16706	6004	20.6555471754102	7.42343500785123	2.78247834776815	0	0	Hif3a
Creb3_870	4410	1398	5.45258967099	1.72850801815057	3.15450643776824	0	0	Creb3
Nfe2l3_871	5896	1924	7.28990219958209	2.37886225101695	3.06444906444906	0	0	Nfe2l3
Wt1_872	24107	9081	29.8062537865206	11.2278836286304	2.6546635833058	0	0	Wt1
E4f1_873	1771	436	2.18969077263567	0.539076892642095	4.06192660550459	1.03229167194854e-192	1.22161424096722e-192	E4f1
Klf16_874	13201	4321	16.3219129811199	5.34254874565709	3.05507984262902	0	0	Klf16
Zfp42_875	9132	4021	11.2909407880909	4.97162427824281	2.27107684655558	0	0	Zfp42
Zfp263_876	35594	14728	44.0089516438136	18.2099185202587	2.41675719717545	0	0	Zfp263
Zfp263_877	7821	2343	9.67000086549042	2.89692009050557	3.33802816901408	0	0	Zfp263
Zfp263_878	44462	19045	54.9734789005799	23.5475216063502	2.33457600420058	0	0	Zfp263
Dmrta2_879	5897	1808	7.29113861447347	2.23543812361676	3.26161504424779	0	0	Dmrta2
Foxm1_880	14153	3767	17.4989799577146	4.65757489583205	3.7571011414919	0	0	Foxm1
Mixl1_881	3750	1731	4.63655584267857	2.14023417698043	2.16637781629116	2.00559008400896e-173	2.32060423332974e-173	Mixl1
Mef2b_882	8057	2889	9.96179477985633	3.57200262119957	2.78885427483558	0	0	Mef2b
Smad5_883	7069	1075	8.74021686717195	1.32914600823452	6.57581395348837	0	0	Smad5
Smad9_884	10609	3681	13.1171255826605	4.55124321517328	2.88209725618039	0	0	Smad9
